SAMPLES:	13850
BITSPERSAMPLE:	16
CHANNELS:	1
SAMPLERATE:	16000
NORMALIZED:	FALSE
-23
-33
-56
-51
-30
-19
-14
-7
13
21
26
21
10
16
12
9
9
2
-15
-32
-32
-54
-71
-77
-75
-53
-52
-40
-20
-19
-16
-5
-8
-14
3
20
22
15
11
17
17
14
21
40
51
40
37
50
56
76
97
101
99
91
91
81
75
66
52
40
23
25
23
7
-18
-10
1
-9
2
-2
-10
-11
-7
-10
-23
-16
-5
-18
-24
-37
-49
-34
-29
-29
-30
-28
-34
-44
-46
-59
-64
-61
-67
-59
-32
-15
-11
-14
-14
-16
4
24
41
65
62
64
76
74
65
54
56
46
34
40
37
17
-7
-8
-7
-28
-39
-43
-48
-47
-46
-46
-40
-15
-7
-24
-35
-28
-20
-11
-15
-13
-6
-9
0
-1
-2
9
3
-16
-20
-17
-29
-30
-31
-51
-74
-81
-62
-52
-69
-69
-55
-39
-25
-7
15
29
36
45
66
68
63
68
86
97
86
62
57
77
77
60
64
74
73
63
53
41
28
15
-3
-7
-10
-8
-5
-10
-12
-10
-19
-53
-70
-57
-43
-35
-38
-46
-60
-62
-51
-43
-26
-2
25
51
50
27
17
29
40
28
7
13
34
40
39
38
35
26
25
14
6
0
-14
6
20
10
-5
-7
-1
-8
-31
-49
-44
-41
-31
-15
-5
16
33
35
23
14
-6
-33
-55
-73
-61
-63
-63
-40
-42
-46
-48
-38
-42
-47
-51
-66
-68
-71
-59
-39
-22
-17
-8
17
38
41
29
19
17
29
37
33
38
32
34
53
55
40
28
40
39
25
22
33
38
31
22
17
-3
-14
-8
-13
-10
-7
1
16
14
27
46
41
36
22
8
10
18
25
26
17
8
15
24
22
9
-1
2
-7
-27
-41
-39
-38
-37
-29
-33
-44
-63
-73
-68
-71
-61
-55
-48
-29
-17
14
39
55
72
77
89
72
52
52
36
13
12
16
5
0
-24
-45
-48
-57
-50
-39
-25
-2
23
48
72
87
87
79
53
27
17
1
-9
-23
-27
-19
-17
-19
-10
-20
-40
-18
3
1
1
-4
-14
-28
-29
-21
-27
-23
-12
-8
-4
5
15
23
18
6
-5
-21
-33
-47
-35
-18
-15
-15
-31
-46
-44
-41
-36
-35
-48
-53
-57
-58
-45
-34
-16
-11
-5
-8
-27
-11
-5
-6
13
29
52
63
64
71
60
51
54
46
46
47
62
74
75
77
75
75
58
30
18
9
-12
-21
-21
-18
-15
-2
8
4
-6
-10
-4
-13
-10
-2
-9
-25
-54
-55
-17
17
32
37
34
39
23
-3
4
4
-9
-20
-30
-29
-18
-23
-20
-7
-21
-17
-12
-24
-45
-75
-78
-70
-48
-12
13
9
-7
-16
-12
-1
-4
1
3
-19
-24
-21
-28
-26
-4
1
-3
-11
-18
-3
-10
-26
-26
-14
12
20
9
9
13
28
45
41
50
72
71
43
27
29
33
31
18
7
-7
-16
-10
-11
-22
-40
-73
-84
-89
-94
-63
-28
-17
8
34
60
85
85
96
109
107
91
69
71
56
29
8
-20
-14
-7
-15
-8
3
1
-2
-9
-26
-35
-36
-16
0
-4
-1
-1
-2
-5
-27
-33
-14
-6
-5
-4
2
-9
-43
-51
-50
-51
-40
-42
-52
-38
-35
-24
-6
-12
-11
-3
0
-20
-35
-43
-34
-22
-31
-44
-49
-41
-26
-22
-21
-6
13
-1
-17
-13
-2
11
25
30
20
25
40
35
28
31
40
46
48
43
29
26
34
33
29
26
11
-12
-25
0
30
30
16
16
13
14
12
1
5
8
-5
27
68
38
7
-7
-28
-29
-19
-24
-6
-1
7
9
-12
1
12
1
-14
-8
21
26
7
-8
-1
-2
4
15
19
24
5
-9
-8
-5
-3
-3
-20
-27
-9
-8
-3
16
21
14
10
-4
-21
-21
-30
-30
-27
-36
-42
-58
-81
-97
-80
-56
-59
-52
-50
-57
-58
-62
-59
-47
-46
-29
-10
20
53
58
60
47
30
28
22
13
20
28
34
53
58
48
49
55
55
55
49
31
24
25
23
38
44
20
4
-7
-18
-21
-18
-15
-7
-1
-5
-3
-11
-24
-31
-30
-22
-18
-12
-12
-10
9
23
9
5
26
16
-5
-4
11
8
-23
-39
-43
-28
-20
-32
-29
-33
-48
-51
-33
-36
-34
-21
-26
-9
18
35
60
66
37
18
14
15
27
35
25
28
63
66
43
29
17
12
6
8
-5
-13
11
17
4
-9
-14
-13
-21
-31
-33
-37
-30
-50
-52
-25
-33
-29
-11
1
14
26
33
40
50
45
27
27
33
28
39
39
29
7
-29
-44
-60
-54
-37
-46
-48
-34
-33
-42
-39
-29
-24
-9
2
-3
4
25
33
34
24
15
27
19
-7
-14
-9
-37
-52
-61
-74
-68
-67
-53
-45
-41
-37
-31
-17
1
9
4
16
33
59
76
48
23
22
24
22
28
40
69
83
59
34
20
-4
-24
-32
-31
-14
-15
-34
-14
14
19
10
-10
-22
-10
-12
-19
-4
12
20
32
43
50
59
57
45
43
60
58
43
34
28
31
27
11
-1
-9
2
-5
-23
9
38
51
41
16
2
4
-13
-48
-62
-54
-25
-8
-13
-10
-12
-35
-61
-73
-75
-75
-79
-73
-44
-24
-3
3
-3
-20
-45
-47
-41
-41
-42
-56
-62
-40
-41
-36
-12
-2
20
38
45
48
33
28
27
44
65
67
78
73
56
52
37
34
46
48
48
30
21
9
-10
-18
-28
-16
2
6
3
14
26
11
-5
-17
-31
-38
-29
-16
-7
-5
-9
-11
-14
-18
-11
-10
-12
-11
-2
-6
-15
-28
-51
-42
-32
-45
-34
-11
-9
-6
-11
-31
-23
-12
-8
8
23
40
37
38
51
55
51
43
30
18
6
-3
-9
-16
-15
6
22
14
3
0
16
19
12
8
6
19
14
19
16
17
29
22
27
44
45
31
22
17
2
-13
-25
-28
-19
-23
-27
-35
-39
-31
-20
-4
14
25
31
23
-3
-22
-23
-27
-41
-38
-31
-21
2
18
26
24
19
10
-6
-7
1
-9
-20
-15
-1
10
3
4
22
20
11
-2
-9
-16
-44
-50
-49
-62
-49
-23
-7
-18
-25
-21
-9
5
2
0
19
51
45
33
22
-8
-20
-43
-57
-64
-81
-84
-73
-53
-42
-44
-43
-47
-50
-27
15
51
78
92
106
118
122
114
96
94
88
69
63
57
42
24
13
8
17
7
-12
3
11
19
19
2
-11
-30
-39
-37
-31
-18
-21
-30
-20
-25
-34
-41
-57
-53
-40
-41
-30
-25
-35
-50
-57
-43
-20
18
43
52
69
56
36
36
33
18
10
-2
-11
-4
-1
-8
-28
-24
-27
-71
-78
-73
-61
-43
-48
-41
-28
-37
-57
-47
-26
-12
2
2
7
32
21
-2
13
19
8
11
23
35
60
65
54
53
49
51
63
69
87
86
80
76
63
69
64
61
93
96
37
0
-25
-59
-51
-33
-33
-38
-43
-46
-44
-50
-59
-59
-58
-64
-36
-28
-33
-18
-31
-16
13
-20
-24
-6
-25
-25
-28
-15
5
-9
-12
-10
-13
-11
-22
-34
-31
-30
-20
5
27
36
27
17
24
30
16
18
9
-10
-7
-17
-21
-20
-33
-48
-48
-54
-33
5
9
-1
11
17
1
-5
-10
8
25
14
26
45
41
40
45
46
47
35
38
51
39
37
32
25
36
35
33
31
35
30
21
18
6
2
-4
-17
-23
-20
-14
-18
-22
-30
-29
1
1
-19
-14
3
8
15
16
-5
8
8
1
9
9
23
35
29
15
18
24
20
-15
-53
-59
-59
-67
-71
-69
-47
-39
-50
-53
-52
-49
-59
-60
-61
-58
-44
-26
-38
-47
-35
-30
-16
-7
-6
7
26
37
44
62
74
62
45
42
47
56
53
62
67
66
57
49
57
63
59
36
21
22
8
-21
-40
-37
-34
-24
5
30
56
64
59
40
15
-1
4
25
28
9
2
-4
-15
-20
-19
-22
-36
-34
-29
-34
-41
-50
-51
-34
-42
-62
-54
-43
-39
-36
-41
-66
-81
-75
-83
-81
-68
-39
-16
0
24
26
17
6
-9
15
34
27
21
27
51
38
31
47
51
40
24
24
28
15
21
38
41
40
36
56
64
67
75
77
91
102
81
56
35
13
-5
-27
-37
-27
-15
-9
-11
-27
-52
-69
-66
-71
-90
-94
-90
-88
-75
-51
-45
-44
-39
-39
-22
-17
-9
4
-11
-30
-38
-29
-14
-13
-27
-28
-3
32
75
99
95
87
83
94
106
108
109
92
69
46
33
40
36
25
21
9
-6
-12
-19
-30
-53
-84
-98
-83
-60
-41
-24
-24
-11
-14
-34
-21
-5
0
5
5
7
12
-2
-13
-9
5
8
-5
-1
2
11
2
-24
-17
-19
-16
11
17
-11
-46
-50
-38
-16
11
20
21
25
-2
-36
-42
-34
-42
-44
-25
-12
-10
-11
-12
1
13
22
36
45
54
57
45
43
53
58
66
54
47
41
29
23
24
52
70
83
100
102
87
69
53
32
23
15
2
-26
-52
-57
-53
-53
-61
-57
-42
-32
-19
-17
-24
-35
-38
-35
-43
-45
-50
-55
-72
-82
-75
-64
-35
-33
-36
-10
-5
-13
-2
-7
-5
2
-10
-8
-1
-3
-23
-27
-29
-29
-23
-33
-37
-41
-28
-14
-16
8
37
42
36
30
30
22
28
50
58
57
52
36
18
15
29
36
33
45
65
77
85
74
42
8
-14
-7
7
3
-4
-7
-3
-15
-36
-27
-27
-27
-21
-12
-1
5
5
9
11
16
32
43
56
44
14
2
-6
-8
0
10
4
-16
-10
-4
0
29
55
50
40
43
24
3
-16
-30
-48
-56
-46
-44
-49
-67
-78
-84
-85
-91
-106
-116
-110
-93
-77
-65
-52
-40
-36
-19
12
49
74
64
58
66
39
15
33
61
66
56
63
66
64
65
60
50
43
42
38
28
25
22
5
-22
-43
-33
-26
-35
-32
-27
-21
-22
-20
-17
-33
-45
-48
-56
-57
-34
5
24
12
5
18
28
24
20
21
22
0
-16
-6
-22
-36
-53
-55
-30
-20
-5
9
39
60
55
59
60
54
32
10
7
6
5
11
20
28
28
26
33
37
37
35
24
9
3
16
27
17
5
1
-19
-43
-53
-48
-20
7
19
23
31
49
60
56
30
11
-14
-42
-64
-69
-61
-58
-61
-74
-74
-61
-69
-82
-87
-83
-61
-62
-72
-73
-64
-47
-20
-13
-23
-21
-12
-7
0
17
23
21
15
23
33
37
31
28
33
20
30
38
27
34
41
50
50
36
26
27
13
-1
1
-3
-15
-23
-8
11
14
7
16
19
-9
-16
-10
0
1
5
26
37
55
63
63
71
64
55
64
54
52
54
43
26
-4
0
11
-8
-12
-9
-21
-27
-31
-30
-25
-33
-38
-43
-50
-70
-91
-89
-78
-65
-56
-49
-23
-9
-12
-8
-12
-22
-32
-31
-26
-26
-27
-26
-18
-9
-14
-13
-7
-8
-13
-17
-16
-9
-3
10
14
29
43
45
54
44
40
33
21
25
45
56
32
1
1
10
9
3
-14
-19
-29
-38
-29
-4
-2
-18
-5
-6
-14
-31
-44
-36
-27
-23
-24
-15
-13
-13
-9
13
39
45
43
48
49
47
55
55
52
64
65
53
27
-2
1
-6
-16
-10
1
11
6
-13
-22
-11
-23
-38
-38
-39
-36
-44
-42
-28
-27
-24
-36
-37
-33
-34
-24
-13
-19
-19
-11
-17
-14
-8
-8
-16
-17
-25
-38
-37
-28
-16
-12
-4
19
29
21
21
27
19
18
22
37
50
51
61
57
70
76
46
21
9
16
28
17
3
-4
-6
-5
-5
-5
2
22
4
-7
-25
-56
-40
-29
-32
-29
-24
-33
-36
-19
5
24
29
29
35
31
14
4
2
6
9
14
18
18
10
2
-7
-16
-17
-20
-30
-39
-35
-43
-46
-41
-39
-11
3
8
7
6
11
10
7
7
32
49
35
30
38
41
35
1
-28
-43
-59
-71
-57
-38
-16
-18
-27
-16
-9
3
-7
-22
-27
-31
-30
-15
3
9
17
23
24
9
-6
-3
0
-3
14
28
34
34
-1
-14
0
5
14
24
30
38
62
56
31
0
-16
-11
-36
-48
-52
-43
-27
-19
-3
13
25
20
4
-11
-8
2
-15
-17
-12
14
40
33
25
29
37
38
33
32
36
36
30
16
10
28
28
24
15
2
5
-6
-8
2
12
22
11
-6
-5
-15
-33
-24
10
18
10
-1
-29
-25
-14
-16
-16
-31
-63
-83
-89
-94
-98
-111
-108
-95
-102
-108
-100
-72
-45
-44
-39
-21
-13
-13
7
34
57
82
87
86
88
76
71
59
50
49
41
43
56
56
41
29
40
61
54
36
27
23
27
31
50
49
49
42
17
13
4
-4
-2
-18
-14
-9
-20
-30
-34
-30
-23
-15
-15
-17
-35
-48
-44
-44
-39
-29
-3
25
37
44
34
13
-3
-2
-8
-28
-32
-22
-24
-21
-16
-17
-26
-37
-33
-39
-49
-54
-53
-59
-75
-90
-93
-83
-80
-75
-51
-21
-9
5
1
0
11
10
9
-3
2
15
15
18
29
48
61
74
64
69
75
70
77
89
96
92
79
69
68
71
58
36
24
20
14
10
-4
-23
-14
-14
-20
-15
-14
-5
1
-8
-13
8
18
-6
-16
-10
-9
-5
-9
-17
-5
-12
-31
-37
-34
-27
-27
-33
-26
-29
-40
-42
-46
-41
-32
-24
-12
14
38
45
51
44
32
22
7
-1
-15
-26
-26
-41
-54
-46
-36
-30
-15
-8
-10
-27
-18
5
9
12
10
9
11
12
9
6
-3
-9
-4
13
20
26
22
-7
-27
-21
-3
6
16
20
29
34
19
5
20
27
29
41
39
42
49
60
62
37
25
18
7
-2
-13
-7
11
19
6
-3
-4
-17
-17
-23
-26
-22
-36
-35
-11
3
-3
-13
-5
6
-12
-33
-21
-1
-9
-17
-3
9
2
-10
-13
-24
-44
-46
-48
-55
-52
-40
-7
26
30
40
51
59
60
50
42
35
32
19
6
-3
-8
-5
4
0
-1
2
-18
-28
-28
-11
7
27
53
56
56
48
49
56
43
26
25
16
2
-3
-4
7
14
12
20
18
12
6
-10
-16
-17
-25
-15
-2
-6
-23
-35
-29
-12
14
15
16
8
-18
-42
-54
-37
-24
-5
2
8
2
-19
2
-7
-25
-31
-35
-18
-12
6
28
32
20
6
-3
1
2
29
54
46
56
69
78
62
43
24
11
0
-20
-27
-26
-29
-38
-35
-30
-35
-32
-35
-57
-80
-98
-101
-71
-45
-45
-43
-35
-25
-20
-30
-35
-18
-6
20
39
41
50
54
34
12
-18
-17
10
9
27
59
45
23
3
6
22
14
4
1
-2
-14
-25
-40
-27
-4
-2
4
-1
-4
6
10
8
11
33
59
65
64
85
87
84
90
91
90
71
54
45
22
-28
-68
-71
-83
-79
-63
-61
-50
-28
-27
-20
-6
-7
-2
9
27
42
52
44
20
24
18
-2
-10
-23
-38
-50
-54
-60
-64
-66
-56
-49
-26
11
23
22
21
44
47
26
9
0
3
2
-7
-10
-13
-10
21
40
54
59
53
44
29
23
6
2
9
12
19
13
-14
-40
-50
-45
-46
-48
-32
-34
-33
-20
-30
-43
-38
-48
-57
-38
-26
-27
-16
-4
3
8
-2
-19
-22
-35
-65
-84
-86
-75
-82
-91
-77
-63
-59
-48
-46
-61
-52
-48
-39
0
30
34
20
17
27
48
36
27
45
34
15
10
11
8
15
36
54
71
69
50
44
44
28
23
30
22
13
33
50
32
33
30
17
28
36
52
71
59
56
75
108
134
130
126
133
123
112
105
92
94
104
104
104
98
73
57
58
48
37
22
8
9
-3
-22
-26
-22
-23
-35
-58
-70
-84
-79
-68
-73
-70
-71
-75
-82
-101
-137
-158
-181
-219
-241
-260
-279
-290
-285
-259
-223
-184
-148
-128
-108
-117
-126
-118
-118
-118
-96
-63
-64
-78
-91
-111
-101
-69
-62
-48
-38
-38
-36
-28
-22
-5
28
58
80
58
38
62
85
90
86
83
101
112
105
122
131
125
122
129
139
131
129
140
162
195
225
238
253
274
284
300
304
300
319
343
352
339
321
316
311
291
262
239
211
172
135
110
77
53
46
41
-4
-37
-71
-134
-194
-235
-282
-332
-354
-379
-464
-572
-619
-627
-679
-755
-754
-736
-765
-853
-876
-848
-874
-912
-880
-827
-801
-823
-818
-793
-827
-889
-872
-810
-757
-735
-719
-717
-751
-821
-851
-811
-755
-699
-607
-537
-520
-541
-580
-582
-541
-487
-366
-246
-154
-82
-48
-35
-16
46
152
290
391
466
510
497
493
532
591
682
791
867
921
950
963
1010
1064
1136
1255
1419
1552
1616
1667
1719
1788
1893
2022
2179
2339
2434
2502
2579
2684
2788
2851
2889
2929
2950
2958
2921
2856
2785
2655
2467
2220
1968
1711
1436
1118
789
453
88
-274
-642
-1009
-1339
-1638
-1893
-2090
-2287
-2489
-2661
-2793
-2888
-2971
-3027
-3032
-3006
-2969
-2938
-2907
-2854
-2773
-2675
-2563
-2462
-2374
-2276
-2195
-2104
-2018
-1939
-1819
-1707
-1609
-1526
-1456
-1372
-1274
-1170
-1073
-977
-890
-812
-729
-653
-554
-440
-316
-177
-71
45
160
259
344
414
483
564
640
697
760
798
823
830
833
855
850
855
869
853
868
893
907
935
965
1017
1069
1098
1114
1144
1149
1137
1145
1147
1142
1138
1124
1098
1078
1064
1035
1004
995
1001
1045
1109
1179
1277
1395
1512
1635
1748
1861
1979
2092
2221
2333
2417
2457
2458
2450
2394
2292
2162
2012
1833
1622
1399
1175
948
698
427
128
-197
-505
-774
-1007
-1226
-1449
-1634
-1769
-1890
-2022
-2160
-2273
-2364
-2448
-2543
-2613
-2644
-2672
-2677
-2671
-2648
-2635
-2662
-2708
-2759
-2793
-2816
-2855
-2855
-2822
-2776
-2703
-2633
-2549
-2463
-2374
-2274
-2178
-2091
-1988
-1858
-1736
-1622
-1493
-1364
-1220
-1070
-928
-775
-636
-501
-366
-254
-134
2
148
298
457
611
746
870
984
1099
1216
1333
1441
1570
1693
1814
1952
2071
2193
2281
2333
2401
2446
2460
2465
2463
2478
2523
2572
2617
2658
2705
2750
2837
2967
3089
3234
3377
3524
3670
3797
3895
3943
3959
3919
3849
3770
3646
3468
3224
2930
2585
2211
1797
1343
925
457
22
-371
-853
-1277
-1684
-2108
-2471
-2790
-3107
-3389
-3630
-3841
-4022
-4188
-4325
-4437
-4522
-4544
-4510
-4457
-4365
-4278
-4224
-4136
-4030
-3937
-3800
-3631
-3438
-3220
-2996
-2776
-2556
-2330
-2116
-1922
-1720
-1496
-1267
-1014
-746
-493
-246
-30
137
270
354
427
514
607
688
756
830
897
926
947
964
971
992
1001
1028
1066
1103
1136
1144
1162
1161
1140
1111
1089
1079
1066
1053
1032
1012
961
907
847
764
691
595
495
379
270
196
137
103
102
118
159
205
251
336
475
627
760
953
1186
1423
1661
1900
2152
2404
2644
2865
3076
3267
3423
3546
3667
3759
3806
3839
3810
3718
3568
3328
3062
2767
2449
2143
1831
1498
1155
800
459
102
-265
-611
-981
-1329
-1673
-1982
-2244
-2519
-2765
-2992
-3239
-3476
-3677
-3850
-3999
-4128
-4226
-4291
-4349
-4397
-4433
-4422
-4377
-4318
-4203
-4063
-3912
-3729
-3529
-3309
-3092
-2882
-2674
-2444
-2223
-2003
-1774
-1563
-1377
-1196
-988
-771
-549
-331
-108
114
315
515
718
901
1080
1232
1359
1497
1611
1720
1824
1891
1926
1937
1924
1883
1826
1746
1650
1556
1430
1294
1162
1019
878
745
622
520
453
394
351
322
295
265
260
275
295
359
419
457
516
605
701
808
922
1019
1140
1293
1445
1620
1827
2050
2281
2490
2708
2943
3176
3393
3595
3762
3898
4017
4067
4084
4075
4012
3903
3725
3489
3217
2919
2588
2212
1790
1341
868
384
-91
-546
-967
-1380
-1793
-2160
-2504
-2862
-3178
-3463
-3732
-3954
-4141
-4281
-4368
-4433
-4462
-4456
-4432
-4419
-4425
-4440
-4437
-4422
-4387
-4303
-4189
-4049
-3871
-3676
-3464
-3224
-2981
-2739
-2505
-2283
-2055
-1823
-1585
-1342
-1091
-847
-610
-370
-140
74
272
456
614
760
903
1037
1168
1297
1405
1490
1539
1558
1568
1557
1528
1484
1428
1378
1311
1245
1190
1118
1048
955
857
801
745
678
630
614
637
678
711
741
766
789
794
789
796
808
813
813
830
855
878
916
985
1102
1241
1365
1503
1689
1889
2095
2340
2589
2828
3048
3251
3458
3669
3886
4077
4265
4442
4552
4584
4576
4505
4329
4064
3738
3365
2958
2498
1994
1505
1015
527
53
-416
-845
-1280
-1737
-2152
-2505
-2814
-3103
-3355
-3593
-3829
-4020
-4175
-4307
-4428
-4548
-4643
-4700
-4750
-4792
-4839
-4884
-4911
-4904
-4862
-4817
-4748
-4656
-4542
-4411
-4253
-4088
-3882
-3638
-3418
-3181
-2916
-2636
-2332
-2033
-1743
-1433
-1130
-847
-567
-287
-12
258
509
760
998
1185
1351
1521
1667
1785
1886
1973
2058
2141
2188
2193
2181
2148
2098
2071
2048
2023
1988
1941
1887
1818
1748
1676
1615
1571
1501
1403
1311
1227
1147
1075
1011
975
925
846
793
754
693
646
640
643
689
773
873
1017
1182
1364
1598
1869
2175
2507
2839
3142
3400
3630
3869
4102
4284
4446
4581
4657
4631
4490
4324
4149
3950
3714
3419
3077
2667
2180
1662
1145
642
134
-370
-875
-1393
-1898
-2390
-2852
-3255
-3617
-3925
-4205
-4467
-4686
-4869
-5027
-5167
-5288
-5382
-5413
-5422
-5434
-5414
-5372
-5332
-5279
-5212
-5117
-4953
-4740
-4513
-4287
-4047
-3789
-3527
-3250
-2973
-2685
-2363
-2046
-1758
-1486
-1221
-988
-779
-569
-359
-151
41
215
380
528
655
797
942
1081
1252
1422
1571
1719
1854
1988
2094
2160
2257
2370
2457
2530
2566
2565
2536
2491
2457
2423
2368
2274
2187
2084
1932
1807
1722
1606
1475
1339
1185
1037
906
786
658
535
428
357
303
263
237
220
233
301
439
631
880
1120
1344
1579
1859
2239
2659
3066
3401
3658
3866
4044
4253
4482
4671
4769
4761
4651
4490
4294
4077
3816
3490
3088
2645
2159
1675
1210
733
226
-309
-842
-1388
-1906
-2387
-2832
-3252
-3658
-4052
-4405
-4715
-5008
-5284
-5491
-5632
-5717
-5778
-5816
-5787
-5725
-5683
-5638
-5540
-5396
-5251
-5090
-4898
-4714
-4517
-4311
-4089
-3842
-3584
-3351
-3105
-2833
-2578
-2317
-2075
-1822
-1530
-1268
-1029
-761
-497
-243
5
255
516
750
952
1172
1411
1649
1873
2043
2166
2272
2366
2457
2520
2565
2584
2550
2507
2467
2438
2424
2401
2359
2266
2185
2166
2130
2074
2023
1939
1854
1785
1719
1650
1571
1445
1318
1224
1144
1080
957
781
592
478
507
569
597
512
312
188
295
659
1126
1434
1436
1324
1404
1844
2567
3264
3608
3559
3374
3370
3719
4287
4738
4847
4604
4176
3840
3741
3801
3828
3608
3086
2440
1854
1414
1111
822
375
-271
-1007
-1666
-2171
-2523
-2822
-3214
-3720
-4268
-4733
-5036
-5212
-5326
-5450
-5588
-5720
-5814
-5813
-5736
-5632
-5528
-5451
-5377
-5280
-5133
-4933
-4693
-4483
-4345
-4206
-4050
-3889
-3719
-3507
-3287
-3094
-2891
-2693
-2468
-2226
-1980
-1687
-1365
-1063
-776
-472
-169
148
456
745
1037
1319
1605
1845
2000
2112
2251
2431
2626
2784
2840
2808
2765
2777
2839
2905
2943
2908
2800
2656
2535
2479
2472
2437
2299
2080
1906
1809
1727
1617
1441
1239
1066
954
918
891
819
729
631
537
507
548
617
676
650
528
358
237
343
770
1398
1897
1878
1454
1228
1672
2689
3552
3761
3540
3441
3800
4449
5006
5259
5209
5000
4688
4374
4233
4188
4077
3718
3087
2405
1758
1147
501
-149
-649
-1113
-1708
-2473
-3233
-3703
-3866
-3988
-4303
-4818
-5313
-5557
-5517
-5377
-5317
-5422
-5644
-5809
-5788
-5599
-5385
-5278
-5263
-5262
-5226
-5120
-4968
-4802
-4641
-4479
-4327
-4198
-4067
-3888
-3630
-3338
-3019
-2685
-2373
-2101
-1839
-1538
-1188
-820
-481
-206
-1
198
411
670
944
1159
1306
1383
1487
1657
1886
2135
2322
2426
2497
2576
2667
2772
2824
2845
2884
2876
2786
2647
2524
2478
2500
2504
2390
2155
1902
1721
1630
1568
1473
1303
1047
815
689
623
564
477
361
242
188
210
257
299
296
296
402
640
1037
1511
1908
2114
2180
2297
2596
3108
3723
4246
4527
4592
4615
4756
5054
5324
5428
5356
5129
4865
4658
4531
4387
4099
3597
2953
2275
1670
1225
860
409
-194
-925
-1669
-2302
-2775
-3100
-3398
-3774
-4233
-4673
-5011
-5213
-5330
-5455
-5651
-5921
-6165
-6324
-6358
-6299
-6243
-6242
-6302
-6389
-6437
-6384
-6253
-6061
-5815
-5575
-5361
-5135
-4857
-4545
-4208
-3875
-3563
-3259
-2967
-2647
-2257
-1802
-1335
-897
-522
-211
89
398
730
1068
1381
1664
1943
2199
2458
2725
2935
3094
3202
3296
3409
3521
3618
3684
3715
3678
3608
3538
3437
3323
3207
3101
3010
2896
2715
2429
2079
1727
1418
1167
958
749
539
341
141
-65
-276
-489
-667
-770
-818
-807
-760
-753
-795
-806
-713
-505
-183
206
613
986
1280
1546
1849
2247
2764
3337
3884
4334
4667
4891
5113
5379
5640
5854
5943
5878
5746
5618
5495
5363
5152
4809
4358
3820
3252
2723
2214
1667
1029
291
-453
-1117
-1680
-2165
-2616
-3055
-3515
-4036
-4558
-5013
-5360
-5609
-5863
-6128
-6358
-6558
-6694
-6743
-6764
-6760
-6752
-6747
-6728
-6700
-6672
-6618
-6504
-6344
-6138
-5897
-5609
-5318
-5016
-4693
-4369
-4011
-3646
-3305
-2942
-2549
-2147
-1717
-1260
-787
-341
62
446
809
1166
1495
1772
2042
2308
2537
2734
2935
3130
3285
3400
3491
3567
3629
3674
3666
3630
3585
3500
3404
3308
3227
3163
3070
2932
2752
2540
2370
2248
2080
1858
1581
1286
1033
836
688
511
277
12
-252
-429
-485
-469
-463
-540
-694
-864
-914
-726
-304
226
713
1034
1228
1415
1714
2214
2863
3528
4034
4357
4591
4874
5280
5723
6072
6178
6030
5781
5556
5403
5320
5252
5040
4578
3960
3316
2759
2321
1926
1472
921
273
-426
-1083
-1637
-2108
-2560
-3044
-3554
-4034
-4477
-4886
-5260
-5624
-5969
-6304
-6605
-6856
-7069
-7206
-7284
-7329
-7327
-7308
-7309
-7337
-7366
-7323
-7167
-6886
-6517
-6130
-5748
-5360
-4960
-4553
-4146
-3728
-3279
-2801
-2331
-1844
-1365
-911
-476
-76
300
634
932
1215
1522
1830
2107
2360
2567
2725
2858
3009
3191
3362
3483
3525
3519
3512
3501
3490
3465
3407
3320
3207
3070
2942
2813
2623
2405
2175
1951
1764
1577
1363
1102
798
462
174
-4
-135
-266
-406
-572
-741
-839
-825
-740
-655
-583
-532
-433
-181
239
788
1344
1802
2150
2463
2867
3430
4053
4624
5061
5356
5592
5855
6211
6563
6771
6794
6655
6428
6196
5986
5781
5492
5053
4501
3910
3353
2859
2401
1905
1328
680
-21
-713
-1330
-1864
-2357
-2866
-3424
-4004
-4577
-5085
-5494
-5844
-6171
-6494
-6839
-7182
-7503
-7742
-7888
-7995
-8063
-8078
-8019
-7916
-7753
-7530
-7324
-7161
-6986
-6756
-6468
-6081
-5599
-5075
-4588
-4175
-3823
-3478
-3107
-2689
-2173
-1632
-1139
-681
-280
64
402
742
1091
1462
1824
2144
2436
2708
2927
3085
3225
3359
3502
3680
3853
4003
4095
4105
4068
3993
3861
3707
3567
3469
3403
3343
3256
3105
2906
2627
2356
2117
1844
1559
1253
957
670
386
142
-81
-324
-572
-793
-946
-1026
-1070
-1084
-1022
-857
-573
-176
249
684
1104
1496
1935
2478
3115
3748
4289
4685
5015
5346
5684
6041
6344
6539
6609
6522
6354
6133
5872
5588
5238
4818
4320
3750
3149
2559
1989
1421
833
234
-360
-955
-1524
-2038
-2525
-2992
-3457
-3901
-4293
-4662
-5014
-5345
-5662
-5988
-6313
-6618
-6879
-7093
-7248
-7341
-7409
-7408
-7371
-7325
-7252
-7145
-7006
-6851
-6681
-6472
-6215
-5931
-5605
-5250
-4861
-4443
-4047
-3632
-3223
-2839
-2426
-1985
-1528
-1074
-632
-188
260
688
1090
1470
1794
2074
2351
2618
2858
3058
3229
3401
3581
3729
3824
3871
3885
3885
3846
3798
3730
3590
3426
3271
3147
3045
2883
2660
2425
2221
2032
1800
1499
1179
897
684
507
289
20
-232
-407
-523
-648
-808
-940
-984
-947
-847
-710
-459
-16
539
1058
1455
1798
2291
3004
3757
4368
4758
5055
5424
5905
6381
6675
6784
6777
6722
6624
6434
6170
5847
5443
4938
4367
3773
3189
2629
2073
1525
979
407
-185
-750
-1250
-1724
-2217
-2736
-3262
-3749
-4179
-4575
-4955
-5306
-5629
-5935
-6246
-6566
-6878
-7177
-7418
-7590
-7685
-7702
-7661
-7554
-7413
-7232
-6999
-6745
-6491
-6237
-5986
-5713
-5369
-4962
-4509
-4032
-3558
-3080
-2631
-2225
-1822
-1427
-1055
-716
-390
-54
299
666
1004
1306
1564
1780
1947
2079
2223
2350
2488
2636
2801
2986
3208
3462
3679
3869
3994
3981
3862
3680
3453
3227
2969
2710
2435
2129
1812
1485
1188
912
635
362
132
-19
-118
-256
-416
-522
-538
-482
-401
-354
-361
-419
-467
-403
-125
382
955
1425
1698
1862
2184
2771
3480
4085
4454
4677
4886
5180
5607
6091
6500
6762
6844
6770
6660
6564
6450
6243
5867
5345
4766
4157
3557
2975
2395
1829
1235
602
-40
-654
-1246
-1863
-2482
-3080
-3657
-4162
-4589
-4938
-5247
-5504
-5711
-5925
-6179
-6489
-6804
-7083
-7310
-7483
-7577
-7570
-7489
-7318
-7074
-6791
-6482
-6192
-5943
-5732
-5537
-5336
-5100
-4816
-4458
-4016
-3514
-2986
-2488
-2043
-1655
-1319
-1049
-812
-590
-383
-166
87
381
681
1006
1362
1704
2027
2293
2475
2603
2642
2639
2636
2622
2615
2633
2675
2719
2741
2728
2694
2656
2605
2528
2421
2287
2113
1927
1742
1561
1413
1298
1198
1129
1084
1022
941
833
708
581
434
248
63
-90
-190
-197
-62
233
651
1141
1621
2063
2484
2910
3342
3760
4156
4497
4827
5181
5535
5859
6103
6265
6348
6366
6343
6286
6177
5980
5657
5209
4645
3995
3304
2610
1951
1353
809
327
-115
-585
-1111
-1675
-2281
-2920
-3536
-4090
-4558
-4920
-5178
-5340
-5454
-5576
-5733
-5906
-6117
-6331
-6559
-6809
-7013
-7172
-7233
-7194
-7055
-6804
-6475
-6109
-5735
-5401
-5121
-4857
-4588
-4307
-3997
-3665
-3324
-2976
-2640
-2339
-2039
-1717
-1391
-1083
-777
-435
-103
189
435
631
821
1010
1189
1386
1620
1885
2157
2390
2516
2530
2447
2334
2239
2153
2081
2053
2033
2010
1994
1995
2018
2040
2063
2117
2146
2099
1991
1838
1660
1453
1264
1134
1042
963
887
799
701
590
473
320
127
-21
-38
152
535
1003
1432
1758
2016
2315
2781
3424
4113
4671
5012
5224
5410
5655
5968
6311
6597
6756
6792
6702
6557
6393
6148
5774
5235
4537
3727
2906
2142
1457
828
227
-349
-933
-1487
-1969
-2391
-2794
-3253
-3776
-4315
-4836
-5295
-5634
-5849
-5961
-6010
-6032
-6007
-5981
-5961
-5973
-6027
-6100
-6199
-6280
-6322
-6259
-6099
-5869
-5562
-5229
-4917
-4669
-4498
-4348
-4188
-3980
-3733
-3426
-3077
-2737
-2398
-2043
-1648
-1253
-892
-578
-343
-200
-98
21
191
425
704
996
1245
1444
1606
1749
1848
1872
1869
1832
1806
1785
1750
1715
1672
1660
1684
1730
1768
1839
1953
2071
2140
2110
1981
1800
1648
1503
1336
1132
902
761
750
839
945
1042
1121
1116
890
314
-588
-1434
-1784
-1446
-414
959
2428
3966
5578
7231
8553
9130
8768
7753
6857
6700
7355
8420
9327
9674
9365
8606
7694
6738
5772
4775
3762
2843
2046
1341
609
-337
-1518
-2774
-3894
-4687
-5103
-5268
-5334
-5484
-5790
-6241
-6785
-7330
-7762
-7946
-7838
-7512
-7169
-6958
-6856
-6735
-6483
-6130
-5748
-5393
-5128
-4887
-4581
-4189
-3759
-3312
-2850
-2348
-1758
-1107
-469
49
344
451
414
329
257
181
139
87
6
-71
-150
-191
-161
-76
78
196
154
-48
-399
-805
-1190
-1514
-1746
-1880
-1914
-1863
-1713
-1502
-1296
-1172
-1183
-1296
-1465
-1652
-1805
-1908
-1964
-1966
-1917
-1768
-1551
-1326
-1078
-829
-543
-200
145
435
663
821
966
1134
1270
1353
1406
1536
1880
2558
3575
4937
6582
8334
10045
11608
13002
14239
15204
15710
15709
15276
14590
13780
12869
11852
10798
9774
8807
7773
6508
5078
3617
2245
952
-407
-1925
-3506
-4969
-6220
-7285
-8181
-8821
-9175
-9247
-9136
-8967
-8821
-8744
-8673
-8532
-8386
-8349
-8454
-8607
-8632
-8420
-7998
-7448
-6846
-6216
-5569
-4944
-4382
-3896
-3436
-2936
-2367
-1835
-1437
-1131
-818
-439
15
499
1005
1546
2049
2470
2713
2737
2573
2244
1838
1392
920
466
73
-188
-337
-426
-482
-532
-568
-631
-769
-1040
-1450
-1883
-2215
-2463
-2689
-2924
-3120
-3164
-3080
-2944
-2803
-2640
-2400
-2101
-1834
-1724
-1803
-1950
-2051
-2070
-2034
-1969
-1834
-1553
-1111
-623
-159
193
486
808
1136
1462
1792
2112
2345
2476
2493
2430
2491
2886
3804
5293
7118
8936
10556
11991
13361
14664
15755
16466
16627
16221
15328
14038
12491
10947
9612
8539
7601
6515
5161
3745
2611
1831
1137
160
-1205
-2742
-4181
-5516
-6822
-7994
-8828
-9179
-9176
-9107
-9105
-9047
-8783
-8353
-7947
-7764
-7856
-8036
-8165
-8261
-8316
-8300
-8184
-7925
-7497
-6961
-6371
-5662
-4800
-3848
-2911
-2126
-1602
-1292
-1058
-822
-599
-429
-302
-136
177
657
1225
1768
2150
2286
2187
1899
1522
1140
779
439
113
-229
-551
-751
-823
-787
-659
-561
-588
-728
-907
-1037
-1160
-1348
-1589
-1858
-2147
-2427
-2667
-2789
-2740
-2537
-2269
-1991
-1732
-1544
-1442
-1405
-1350
-1223
-1081
-990
-978
-1002
-965
-833
-603
-266
100
466
856
1294
1781
2200
2483
2614
2719
3009
3669
4809
6283
7884
9522
11216
13031
14730
15995
16738
17064
17099
16580
15271
13420
11715
10570
9525
7929
5852
4065
3136
2671
1894
684
-428
-1072
-1648
-2775
-4412
-5874
-6722
-7311
-8214
-9358
-10080
-10027
-9607
-9401
-9378
-9010
-8151
-7327
-7089
-7283
-7297
-6990
-6804
-7116
-7643
-7773
-7419
-7019
-6850
-6545
-5648
-4346
-3268
-2708
-2252
-1410
-359
289
309
205
540
1109
1310
996
646
756
1116
1133
750
517
774
1169
1108
568
91
12
54
-219
-771
-1152
-1098
-922
-1059
-1422
-1553
-1261
-924
-943
-1214
-1327
-1138
-1018
-1271
-1703
-1895
-1796
-1779
-2046
-2413
-2480
-2190
-1908
-1880
-1892
-1623
-1114
-733
-728
-833
-705
-327
-35
24
69
386
978
1477
1706
1856
2290
3111
4117
5157
6373
7931
9747
11549
13168
14585
15822
16766
17230
17166
16561
15500
14098
12592
11131
9645
7947
6109
4529
3430
2574
1591
476
-460
-1067
-1651
-2554
-3736
-4764
-5420
-6018
-6988
-8209
-9094
-9352
-9316
-9468
-9695
-9497
-8762
-7979
-7636
-7614
-7397
-6936
-6679
-6902
-7340
-7513
-7391
-7243
-7221
-7088
-6529
-5664
-4819
-4124
-3386
-2452
-1443
-569
77
621
1158
1605
1764
1590
1258
900
577
195
-263
-585
-605
-404
-189
-39
180
532
825
816
549
342
310
265
-30
-493
-789
-817
-819
-1029
-1292
-1293
-961
-620
-566
-698
-787
-777
-892
-1282
-1788
-2101
-2141
-2141
-2260
-2336
-2207
-1995
-1880
-1852
-1715
-1381
-970
-612
-318
6
342
605
770
883
1103
1660
2601
3889
5409
7055
8882
10873
12929
14813
16336
17460
18269
18661
18331
17190
15522
13767
12081
10282
8196
6031
4180
2825
1795
832
-49
-686
-1067
-1445
-2072
-2856
-3548
-4127
-4840
-5907
-7137
-8132
-8755
-9229
-9707
-9990
-9814
-9262
-8671
-8220
-7735
-7032
-6289
-5807
-5764
-5928
-5957
-5896
-6019
-6396
-6685
-6564
-6115
-5645
-5237
-4643
-3713
-2611
-1628
-850
-88
778
1516
1850
1778
1557
1326
965
362
-354
-920
-1218
-1353
-1510
-1591
-1415
-1018
-615
-350
-154
128
427
503
314
46
-98
-214
-517
-969
-1289
-1319
-1222
-1191
-1194
-1051
-715
-399
-304
-368
-428
-434
-487
-744
-1168
-1465
-1576
-1621
-1759
-1906
-1843
-1578
-1256
-1033
-839
-513
-42
385
691
979
1422
2114
3022
4115
5406
6911
8628
10580
12603
14419
15865
16989
17910
18426
18216
17201
15724
14180
12513
10477
8054
5656
3751
2371
1101
-279
-1397
-1891
-1961
-2116
-2613
-3179
-3417
-3497
-3974
-5022
-6154
-6875
-7336
-8053
-9054
-9771
-9821
-9501
-9334
-9276
-8849
-7926
-6956
-6399
-6152
-5772
-5246
-5007
-5206
-5538
-5626
-5508
-5507
-5643
-5587
-5097
-4290
-3437
-2612
-1621
-450
687
1572
2123
2475
2682
2581
2050
1267
496
-130
-713
-1389
-1981
-2223
-2077
-1771
-1543
-1323
-923
-394
7
109
17
-43
-11
-89
-411
-835
-1138
-1266
-1367
-1539
-1693
-1677
-1489
-1301
-1201
-1069
-841
-566
-391
-374
-383
-372
-407
-541
-690
-757
-724
-689
-706
-639
-393
-68
147
252
466
903
1482
2200
3177
4499
6034
7604
9175
10882
12711
14480
15975
17069
17733
17824
17277
16227
14984
13636
12015
9947
7524
5147
3107
1408
-52
-1279
-2160
-2730
-3274
-3836
-4255
-4337
-4188
-4237
-4674
-5332
-5923
-6437
-7041
-7748
-8251
-8401
-8454
-8634
-8852
-8754
-8215
-7538
-7009
-6555
-5960
-5288
-4877
-4812
-4778
-4550
-4331
-4404
-4709
-4825
-4549
-4128
-3782
-3384
-2666
-1656
-701
46
744
1490
2119
2341
2139
1767
1384
902
195
-674
-1456
-1975
-2343
-2625
-2747
-2622
-2264
-1860
-1510
-1092
-540
-21
279
339
302
260
113
-199
-533
-785
-974
-1199
-1447
-1558
-1468
-1296
-1147
-986
-748
-444
-160
54
216
335
370
292
103
-80
-166
-187
-191
-223
-232
-139
49
301
664
1254
2126
3234
4523
6031
7748
9627
11534
13285
14837
16103
16953
17226
16897
16097
14967
13527
11730
9695
7590
5563
3654
1851
294
-879
-1736
-2475
-3154
-3626
-3831
-3936
-4113
-4383
-4642
-4886
-5299
-5963
-6655
-7162
-7527
-7877
-8263
-8507
-8449
-8162
-7772
-7312
-6706
-5947
-5227
-4677
-4260
-3858
-3484
-3274
-3280
-3401
-3515
-3625
-3740
-3790
-3699
-3455
-3084
-2562
-1893
-1119
-299
506
1237
1798
2135
2264
2147
1806
1269
551
-241
-1036
-1757
-2352
-2796
-3030
-3060
-2925
-2650
-2267
-1845
-1413
-1028
-740
-540
-431
-423
-475
-585
-781
-1028
-1269
-1459
-1625
-1771
-1878
-1901
-1815
-1671
-1457
-1153
-808
-437
-83
166
336
440
464
414
290
131
1
-82
-135
-159
-90
147
602
1313
2327
3680
5352
7242
9284
11425
13497
15353
16845
17875
18440
18474
17899
16755
15158
13249
11159
8865
6427
4040
1935
274
-1102
-2379
-3419
-3984
-4071
-3965
-4028
-4180
-4106
-3853
-3783
-4194
-4910
-5473
-5825
-6347
-7183
-8002
-8394
-8419
-8435
-8517
-8377
-7800
-6938
-6175
-5643
-5102
-4416
-3738
-3337
-3285
-3331
-3303
-3266
-3356
-3559
-3690
-3599
-3327
-2960
-2513
-1912
-1120
-239
606
1296
1785
2094
2228
2165
1872
1344
675
-39
-791
-1557
-2320
-2964
-3344
-3455
-3406
-3274
-3006
-2577
-2069
-1600
-1220
-863
-509
-231
-129
-185
-311
-405
-528
-784
-1099
-1388
-1631
-1807
-1925
-1948
-1796
-1488
-1085
-681
-310
60
434
744
951
1029
1028
1010
916
747
533
318
213
316
673
1354
2424
3915
5759
7817
10017
12240
14379
16273
17730
18697
19172
19085
18343
17022
15296
13288
10996
8378
5608
3006
785
-1097
-2761
-4167
-5091
-5436
-5410
-5319
-5240
-4946
-4450
-4118
-4213
-4595
-4952
-5258
-5771
-6599
-7490
-8096
-8413
-8694
-8977
-9031
-8654
-7935
-7175
-6524
-5800
-4881
-3909
-3138
-2711
-2500
-2331
-2226
-2353
-2743
-3154
-3352
-3296
-3112
-2919
-2619
-2021
-1127
-193
575
1196
1799
2410
2793
2761
2376
1837
1271
582
-367
-1490
-2465
-3120
-3555
-3928
-4231
-4239
-3827
-3195
-2617
-2134
-1552
-795
-70
374
520
569
619
567
261
-268
-796
-1190
-1480
-1783
-2097
-2232
-2131
-1823
-1436
-1064
-642
-150
350
766
1051
1219
1335
1359
1267
1112
941
800
730
781
1100
1795
2843
4207
5854
7829
10101
12410
14580
16512
18081
19224
19754
19529
18632
17189
15328
13096
10410
7381
4349
1672
-569
-2603
-4509
-5971
-6647
-6637
-6388
-6237
-5949
-5224
-4279
-3650
-3660
-3980
-4150
-4269
-4826
-5981
-7246
-8028
-8429
-8964
-9679
-10125
-9827
-8964
-8175
-7637
-6935
-5731
-4310
-3245
-2713
-2301
-1711
-1156
-1033
-1382
-1776
-1898
-1849
-1887
-2025
-2020
-1608
-879
-176
398
1005
1779
2532
3001
3104
2934
2634
2183
1488
521
-591
-1612
-2440
-3128
-3725
-4127
-4227
-4031
-3657
-3197
-2684
-2089
-1410
-765
-250
99
285
344
265
-8
-410
-841
-1209
-1544
-1904
-2194
-2313
-2286
-2235
-2206
-2099
-1819
-1410
-972
-584
-156
334
804
1167
1297
1252
1222
1260
1321
1483
1896
2725
3985
5530
7295
9354
11610
13848
15820
17443
18754
19572
19706
19114
17981
16486
14615
12191
9246
6149
3311
836
-1497
-3779
-5681
-6798
-7108
-7046
-6977
-6678
-5825
-4627
-3700
-3378
-3351
-3183
-3056
-3525
-4668
-5928
-6792
-7438
-8326
-9392
-10050
-9951
-9445
-9025
-8636
-7840
-6499
-5058
-3962
-3158
-2350
-1436
-733
-517
-657
-777
-789
-894
-1213
-1579
-1716
-1602
-1367
-1114
-795
-323
250
791
1218
1513
1653
1663
1547
1251
746
51
-725
-1485
-2222
-2934
-3570
-4019
-4201
-4146
-3921
-3564
-3084
-2486
-1818
-1206
-736
-403
-138
78
149
-17
-335
-629
-895
-1250
-1703
-2087
-2247
-2220
-2187
-2160
-1999
-1602
-1091
-664
-313
92
645
1206
1579
1739
1880
2126
2418
2719
3124
3824
4898
6242
7734
9417
11294
13303
15234
16857
18065
18822
19133
18906
18098
16765
14957
12673
9906
6860
3964
1392
-975
-3237
-5218
-6603
-7277
-7501
-7518
-7243
-6554
-5573
-4763
-4373
-4208
-3978
-3692
-3736
-4343
-5245
-6057
-6739
-7540
-8500
-9275
-9565
-9457
-9305
-9190
-8801
-7904
-6661
-5454
-4447
-3518
-2546
-1631
-982
-679
-562
-436
-357
-471
-788
-1111
-1196
-1067
-865
-651
-377
33
536
998
1357
1615
1832
1950
1817
1436
880
290
-274
-892
-1600
-2316
-2856
-3124
-3254
-3336
-3271
-2960
-2420
-1860
-1439
-1081
-639
-171
128
151
-26
-226
-407
-650
-1038
-1505
-1871
-2082
-2249
-2453
-2581
-2469
-2135
-1778
-1484
-1155
-665
-69
453
850
1127
1361
1560
1681
1818
2144
2753
3622
4667
5833
7236
8959
10928
12950
14789
16352
17610
18430
18693
18423
17706
16604
15023
12812
10036
7037
4221
1682
-736
-3123
-5224
-6664
-7372
-7649
-7809
-7695
-7022
-5963
-5075
-4643
-4384
-3919
-3399
-3394
-4041
-4889
-5481
-5959
-6765
-7882
-8789
-9093
-9033
-9068
-9128
-8744
-7751
-6502
-5448
-4582
-3553
-2342
-1320
-761
-520
-322
-142
-172
-488
-850
-1014
-1005
-967
-922
-791
-481
-54
373
761
1103
1392
1577
1582
1452
1243
902
399
-210
-816
-1368
-1909
-2439
-2848
-3054
-3093
-3056
-2909
-2521
-1921
-1338
-866
-458
-58
324
501
434
222
-53
-336
-662
-1052
-1416
-1673
-1854
-1991
-2109
-2150
-2048
-1818
-1531
-1265
-945
-543
-129
279
646
954
1196
1314
1369
1555
1962
2587
3354
4251
5432
6976
8785
10680
12525
14277
15869
17116
17847
17989
17622
16846
15632
13952
11771
9189
6485
3908
1498
-853
-3150
-5084
-6346
-7031
-7421
-7647
-7466
-6675
-5591
-4717
-4218
-3779
-3161
-2687
-2847
-3577
-4354
-4892
-5490
-6504
-7688
-8469
-8683
-8702
-8841
-8860
-8333
-7321
-6273
-5454
-4665
-3567
-2331
-1384
-874
-600
-244
85
96
-229
-623
-831
-936
-1138
-1393
-1483
-1327
-1026
-710
-400
-50
314
630
809
816
698
460
153
-206
-651
-1147
-1598
-1952
-2188
-2316
-2392
-2360
-2164
-1834
-1445
-1062
-672
-249
149
437
584
644
672
617
391
45
-314
-644
-959
-1289
-1588
-1791
-1858
-1825
-1724
-1566
-1309
-929
-482
-50
309
633
920
1144
1257
1267
1326
1580
1996
2570
3360
4408
5746
7343
9090
10826
12511
14108
15552
16677
17300
17349
16917
16124
14892
13134
10833
8161
5455
2905
466
-1950
-4198
-5932
-6941
-7392
-7679
-7825
-7461
-6508
-5450
-4779
-4431
-3935
-3220
-2816
-3131
-3869
-4411
-4706
-5281
-6409
-7596
-8248
-8386
-8533
-8877
-8969
-8404
-7335
-6278
-5433
-4511
-3266
-1955
-972
-399
-30
342
594
496
43
-490
-825
-1031
-1305
-1607
-1750
-1651
-1414
-1210
-976
-626
-254
61
322
521
641
646
541
423
258
-9
-328
-613
-831
-1014
-1210
-1335
-1257
-1037
-789
-581
-355
-42
257
415
426
431
507
570
489
225
-102
-376
-666
-1072
-1561
-1958
-2145
-2180
-2177
-2124
-1948
-1646
-1279
-878
-456
-16
427
751
936
979
990
1156
1511
2079
2839
3797
5018
6464
8095
9833
11566
13241
14706
15808
16478
16645
16349
15692
14663
13238
11338
9008
6536
4105
1782
-435
-2540
-4371
-5779
-6749
-7329
-7590
-7505
-7021
-6239
-5387
-4680
-4111
-3569
-3078
-2882
-3114
-3579
-4042
-4517
-5245
-6206
-7037
-7495
-7692
-7910
-8090
-7882
-7216
-6331
-5486
-4657
-3653
-2512
-1527
-852
-428
-97
163
149
-172
-648
-1121
-1548
-1988
-2432
-2773
-2925
-2885
-2708
-2422
-1984
-1434
-849
-297
225
716
1093
1296
1345
1311
1156
853
465
106
-191
-498
-820
-1050
-1135
-1111
-1045
-945
-736
-428
-119
143
342
520
684
763
718
563
384
174
-112
-434
-751
-1028
-1257
-1457
-1629
-1710
-1707
-1607
-1393
-1115
-786
-377
77
499
835
1096
1332
1558
1842
2232
2807
3623
4645
5859
7246
8741
10241
11681
12997
14082
14868
15300
15338
14977
14239
13136
11646
9797
7626
5300
2997
781
-1313
-3217
-4793
-5942
-6645
-7002
-7081
-6858
-6347
-5689
-5018
-4438
-3960
-3534
-3289
-3314
-3574
-3961
-4394
-4929
-5558
-6173
-6648
-6956
-7135
-7221
-7117
-6743
-6149
-5434
-4700
-3938
-3118
-2351
-1787
-1455
-1270
-1202
-1312
-1621
-2080
-2550
-2909
-3206
-3487
-3687
-3727
-3544
-3197
-2784
-2249
-1542
-743
41
734
1326
1849
2222
2382
2335
2127
1822
1394
867
317
-175
-573
-880
-1064
-1094
-978
-768
-480
-149
222
581
865
1090
1247
1370
1421
1394
1322
1177
942
629
259
-140
-536
-947
-1331
-1630
-1838
-1925
-1860
-1648
-1322
-891
-424
47
487
825
1089
1247
1360
1487
1691
2079
2667
3452
4441
5617
6968
8428
9921
11384
12720
13833
14642
15081
15099
14710
13903
12635
10944
8887
6574
4152
1722
-580
-2674
-4491
-5942
-7011
-7672
-7962
-7929
-7567
-6963
-6230
-5432
-4653
-3942
-3314
-2871
-2636
-2614
-2797
-3108
-3578
-4191
-4836
-5474
-6070
-6566
-6906
-7008
-6869
-6535
-6038
-5474
-4867
-4264
-3738
-3295
-2976
-2754
-2581
-2519
-2556
-2630
-2748
-2838
-2882
-2877
-2770
-2553
-2200
-1719
-1149
-541
105
763
1380
1930
2340
2605
2729
2700
2544
2260
1870
1463
1039
610
208
-150
-418
-605
-699
-712
-627
-418
-90
284
660
1043
1402
1693
1842
1849
1740
1537
1209
777
259
-303
-830
-1326
-1763
-2128
-2385
-2494
-2449
-2297
-2066
-1736
-1320
-856
-409
-35
289
580
814
1001
1172
1375
1686
2151
2786
3586
4557
5726
7079
8569
10075
11491
12778
13864
14604
14908
14771
14277
13422
12131
10415
8348
6130
3902
1655
-571
-2610
-4332
-5682
-6661
-7315
-7620
-7520
-7042
-6332
-5545
-4723
-3841
-2970
-2279
-1921
-1874
-1991
-2272
-2811
-3650
-4643
-5539
-6239
-6873
-7531
-8068
-8277
-8121
-7798
-7445
-7016
-6429
-5700
-4998
-4452
-4024
-3637
-3266
-2988
-2853
-2778
-2723
-2629
-2477
-2301
-2094
-1845
-1487
-1019
-497
39
584
1142
1696
2177
2550
2798
2931
2999
2973
2821
2584
2345
2123
1882
1595
1342
1187
1118
1074
1011
1017
1126
1278
1416
1513
1603
1665
1657
1555
1345
1063
703
265
-237
-768
-1271
-1726
-2119
-2447
-2699
-2825
-2822
-2728
-2547
-2292
-1979
-1624
-1243
-857
-505
-187
45
193
265
264
292
378
590
1008
1663
2595
3757
5101
6627
8289
9957
11529
12910
14007
14776
15162
15184
14857
14133
12985
11405
9455
7221
4823
2414
108
-2026
-3888
-5402
-6530
-7211
-7463
-7331
-6834
-6090
-5223
-4302
-3435
-2633
-1979
-1611
-1543
-1802
-2366
-3175
-4189
-5291
-6370
-7332
-8138
-8761
-9174
-9365
-9325
-9093
-8698
-8137
-7422
-6605
-5744
-4891
-4071
-3333
-2732
-2318
-2102
-2036
-2088
-2193
-2284
-2324
-2272
-2123
-1863
-1475
-951
-326
368
1082
1794
2486
3094
3634
4095
4437
4611
4592
4385
4028
3606
3130
2632
2160
1714
1319
993
791
701
722
864
1065
1277
1459
1595
1636
1593
1466
1282
1045
693
222
-332
-917
-1469
-1935
-2359
-2733
-3046
-3294
-3411
-3361
-3154
-2807
-2347
-1859
-1410
-1018
-661
-297
95
450
724
868
890
910
1031
1359
1897
2613
3466
4399
5407
6571
7919
9393
10882
12174
13148
13751
13959
13864
13519
12839
11767
10249
8330
6208
4026
1941
70
-1600
-3077
-4339
-5333
-5950
-6179
-6066
-5683
-5146
-4549
-4006
-3584
-3259
-3025
-2955
-3093
-3487
-4094
-4856
-5739
-6660
-7546
-8310
-8941
-9459
-9857
-10048
-9948
-9576
-8985
-8244
-7409
-6509
-5618
-4806
-4092
-3466
-2937
-2540
-2276
-2083
-1906
-1720
-1521
-1273
-952
-541
-38
533
1170
1847
2519
3168
3759
4275
4708
5014
5166
5166
5049
4837
4534
4168
3760
3343
2938
2509
2096
1749
1478
1282
1144
1075
1054
1063
1083
1073
1046
985
837
617
306
-106
-590
-1126
-1688
-2253
-2776
-3209
-3549
-3792
-3924
-3920
-3803
-3562
-3208
-2782
-2274
-1736
-1174
-626
-168
227
558
813
1003
1096
1122
1095
991
872
840
971
1314
1850
2507
3303
4246
5363
6689
8164
9727
11206
12408
13281
13848
14150
14230
14015
13344
12174
10533
8548
6411
4321
2342
437
-1414
-3160
-4689
-5913
-6776
-7267
-7368
-7149
-6815
-6508
-6220
-5903
-5521
-5159
-4960
-4963
-5145
-5478
-5953
-6564
-7221
-7816
-8309
-8746
-9166
-9484
-9586
-9427
-9058
-8551
-7918
-7188
-6394
-5561
-4721
-3857
-3011
-2264
-1679
-1286
-985
-720
-456
-160
172
491
793
1162
1621
2183
2834
3520
4177
4757
5239
5635
5941
6154
6249
6181
5971
5648
5226
4735
4194
3600
2991
2370
1741
1141
606
170
-175
-457
-704
-927
-1112
-1246
-1326
-1368
-1396
-1424
-1433
-1450
-1502
-1586
-1698
-1847
-2011
-2195
-2340
-2406
-2443
-2456
-2420
-2318
-2166
-1949
-1671
-1342
-965
-587
-246
49
282
448
582
702
790
833
860
898
1024
1283
1713
2346
3119
3993
4962
6038
7248
8602
10016
11338
12443
13209
13597
13652
13437
12981
12225
11100
9583
7707
5607
3458
1430
-428
-2201
-3867
-5358
-6601
-7513
-8103
-8368
-8316
-8045
-7655
-7233
-6810
-6327
-5840
-5483
-5332
-5381
-5562
-5867
-6286
-6763
-7226
-7640
-8027
-8398
-8677
-8776
-8658
-8356
-7929
-7369
-6681
-5898
-5040
-4172
-3318
-2484
-1695
-992
-377
126
526
878
1150
1358
1563
1768
2002
2257
2547
2917
3336
3791
4287
4774
5179
5506
5743
5872
5886
5735
5416
4972
4417
3760
3071
2374
1694
1072
515
47
-317
-577
-723
-785
-804
-781
-735
-657
-554
-489
-459
-456
-484
-558
-694
-906
-1148
-1394
-1668
-1960
-2260
-2512
-2700
-2806
-2793
-2677
-2461
-2145
-1760
-1334
-877
-392
59
435
736
957
1117
1235
1328
1408
1464
1499
1537
1577
1693
1968
2474
3195
4040
4939
5825
6697
7653
8723
9837
10880
11656
12028
11956
11536
10915
10157
9216
7956
6302
4376
2373
455
-1296
-2867
-4316
-5672
-6885
-7850
-8455
-8738
-8775
-8624
-8348
-8025
-7694
-7303
-6814
-6315
-5902
-5654
-5571
-5589
-5730
-5963
-6212
-6456
-6681
-6903
-7125
-7244
-7191
-6975
-6575
-6054
-5445
-4715
-3931
-3125
-2309
-1487
-665
77
699
1214
1608
1920
2218
2498
2729
2924
3086
3234
3412
3613
3823
4068
4316
4537
4714
4823
4868
4871
4813
4691
4465
4115
3698
3237
2736
2217
1722
1242
756
306
-74
-351
-560
-776
-997
-1224
-1427
-1571
-1647
-1709
-1798
-1904
-2016
-2097
-2127
-2106
-2063
-2015
-1959
-1928
-1922
-1907
-1869
-1809
-1711
-1571
-1373
-1129
-860
-567
-257
118
535
964
1408
1829
2186
2471
2675
2785
2833
2854
2860
2794
2598
2300
1997
1793
1780
1975
2301
2682
3103
3596
4236
5086
6102
7169
8122
8786
9124
9208
9118
8895
8510
7842
6794
5328
3569
1710
-104
-1768
-3297
-4760
-6178
-7499
-8610
-9355
-9672
-9628
-9326
-8908
-8420
-7885
-7272
-6510
-5685
-4934
-4348
-3986
-3834
-3849
-3971
-4147
-4341
-4558
-4808
-5086
-5321
-5417
-5351
-5123
-4729
-4222
-3636
-2995
-2319
-1597
-849
-114
583
1201
1698
2061
2299
2466
2577
2645
2703
2723
2720
2733
2778
2888
3053
3265
3503
3736
3945
4101
4195
4214
4153
4029
3854
3604
3254
2795
2248
1648
1034
448
-109
-621
-1092
-1503
-1820
-2022
-2104
-2087
-1996
-1854
-1676
-1505
-1331
-1155
-1015
-882
-733
-589
-444
-309
-183
-59
65
217
410
612
808
1004
1162
1247
1282
1267
1246
1228
1183
1138
1091
1002
882
785
735
738
750
758
745
691
598
455
325
214
102
27
-21
-10
124
364
680
1067
1547
2138
2852
3652
4451
5191
5814
6258
6529
6642
6564
6247
5658
4799
3704
2439
1065
-344
-1737
-3093
-4408
-5588
-6548
-7256
-7666
-7799
-7705
-7358
-6819
-6203
-5514
-4739
-3939
-3184
-2519
-1998
-1649
-1483
-1472
-1566
-1695
-1850
-2044
-2295
-2597
-2882
-3093
-3200
-3207
-3119
-2962
-2755
-2474
-2126
-1730
-1308
-887
-490
-143
139
379
596
771
903
984
1024
1059
1112
1201
1337
1505
1695
1909
2139
2404
2683
2939
3168
3355
3489
3557
3559
3467
3300
3053
2749
2402
2020
1635
1233
837
467
154
-111
-334
-486
-569
-581
-550
-489
-374
-238
-84
78
239
383
488
546
559
548
495
393
273
171
81
-20
-120
-202
-249
-273
-311
-362
-404
-468
-556
-656
-773
-879
-980
-1100
-1230
-1368
-1497
-1616
-1734
-1841
-1878
-1860
-1802
-1691
-1508
-1225
-867
-452
44
634
1293
1954
2612
3306
4029
4731
5363
5925
6400
6720
6812
6714
6470
6075
5495
4725
3805
2833
1822
746
-307
-1266
-2087
-2809
-3442
-3909
-4143
-4204
-4197
-4096
-3869
-3569
-3253
-2958
-2677
-2381
-2142
-2019
-1970
-1976
-2053
-2240
-2528
-2859
-3200
-3572
-3956
-4312
-4600
-4788
-4905
-4951
-4886
-4707
-4421
-4063
-3662
-3207
-2697
-2183
-1684
-1192
-715
-269
145
529
892
1241
1546
1805
2070
2366
2641
2889
3105
3289
3449
3567
3633
3673
3698
3687
3664
3647
3637
3657
3681
3667
3615
3493
3310
3091
2819
2510
2178
1838
1492
1132
776
433
105
-198
-472
-717
-918
-1060
-1148
-1187
-1191
-1149
-1066
-956
-830
-730
-662
-602
-580
-612
-696
-838
-1014
-1211
-1436
-1645
-1836
-2024
-2179
-2319
-2460
-2564
-2632
-2665
-2635
-2554
-2449
-2321
-2142
-1940
-1748
-1544
-1310
-1040
-754
-444
-94
264
620
1002
1388
1764
2123
2451
2764
3064
3365
3654
3928
4213
4506
4794
5085
5365
5602
5769
5841
5820
5707
5480
5145
4659
4047
3337
2510
1616
676
-273
-1200
-2112
-2936
-3642
-4240
-4699
-5004
-5176
-5207
-5129
-4976
-4738
-4421
-4070
-3722
-3408
-3145
-2930
-2780
-2705
-2693
-2736
-2834
-2985
-3170
-3371
-3559
-3722
-3858
-3936
-3935
-3860
-3707
-3472
-3138
-2711
-2204
-1645
-1069
-484
75
597
1087
1530
1913
2207
2425
2601
2746
2850
2933
3002
3072
3156
3232
3272
3270
3249
3210
3136
3047
2957
2872
2787
2695
2604
2540
2460
2329
2185
2031
1845
1637
1400
1132
864
577
244
-118
-503
-898
-1286
-1614
-1874
-2061
-2151
-2157
-2076
-1927
-1720
-1488
-1244
-1005
-799
-638
-512
-415
-372
-365
-385
-420
-458
-495
-521
-546
-560
-553
-533
-515
-487
-450
-410
-361
-308
-257
-216
-175
-128
-57
28
119
208
286
363
415
453
485
483
473
455
427
405
391
415
477
571
720
921
1172
1477
1815
2173
2535
2881
3218
3513
3725
3857
3902
3852
3690
3377
2924
2349
1681
938
145
-653
-1441
-2182
-2827
-3375
-3806
-4093
-4252
-4272
-4153
-3913
-3575
-3174
-2741
-2289
-1859
-1518
-1273
-1112
-1065
-1119
-1244
-1442
-1687
-1966
-2225
-2416
-2532
-2561
-2495
-2361
-2164
-1921
-1655
-1348
-1025
-714
-415
-135
86
238
349
444
527
574
587
557
482
370
242
148
122
173
294
462
664
895
1132
1383
1649
1895
2121
2336
2513
2622
2645
2594
2478
2315
2159
1993
1827
1687
1562
1430
1271
1140
1081
1045
994
949
911
852
774
665
536
402
249
109
-34
-149
-225
-293
-361
-413
-445
-473
-494
-487
-461
-424
-385
-355
-353
-369
-387
-424
-477
-574
-711
-869
-1061
-1283
-1504
-1744
-1966
-2130
-2251
-2309
-2285
-2210
-2088
-1896
-1654
-1380
-1076
-748
-420
-122
146
375
566
697
782
841
879
925
973
1025
1110
1233
1399
1590
1801
2061
2363
2669
2949
3212
3460
3642
3747
3803
3762
3620
3364
2972
2488
1909
1253
555
-174
-881
-1560
-2176
-2690
-3090
-3363
-3516
-3551
-3495
-3340
-3095
-2795
-2484
-2197
-1947
-1736
-1581
-1510
-1513
-1562
-1666
-1811
-1981
-2173
-2361
-2517
-2658
-2775
-2844
-2863
-2826
-2735
-2580
-2357
-2081
-1760
-1420
-1065
-703
-355
5
347
653
939
1196
1449
1669
1842
2007
2171
2331
2465
2577
2700
2794
2846
2871
2896
2946
2996
3046
3099
3115
3086
3039
2954
2818
2653
2476
2287
2075
1827
1534
1220
884
533
194
-140
-461
-764
-1047
-1288
-1509
-1693
-1818
-1893
-1904
-1858
-1762
-1603
-1418
-1234
-1028
-838
-688
-567
-472
-401
-372
-372
-393
-455
-551
-694
-830
-932
-1029
-1096
-1131
-1097
-998
-879
-748
-621
-476
-340
-231
-130
-49
27
92
158
224
233
213
185
141
103
92
89
85
82
65
61
61
16
-49
-92
-116
-88
-32
-4
2
24
90
213
363
520
695
881
1089
1330
1584
1806
1958
2062
2130
2149
2076
1888
1623
1312
986
669
335
-28
-362
-640
-858
-1016
-1120
-1165
-1148
-1064
-921
-760
-606
-458
-333
-220
-115
-55
-56
-98
-178
-302
-477
-690
-918
-1149
-1365
-1566
-1746
-1890
-1984
-2012
-2001
-1944
-1823
-1668
-1494
-1301
-1095
-868
-640
-431
-249
-95
30
106
145
167
145
103
56
11
2
-13
-10
53
159
290
426
600
811
1010
1223
1446
1649
1841
2000
2127
2212
2236
2224
2184
2093
1951
1772
1595
1424
1255
1084
901
751
607
475
398
338
293
257
205
149
121
102
82
65
35
-8
-64
-139
-250
-381
-517
-677
-848
-1008
-1170
-1341
-1489
-1610
-1688
-1737
-1774
-1769
-1728
-1650
-1552
-1447
-1342
-1251
-1159
-1091
-1039
-970
-921
-891
-872
-874
-889
-908
-943
-975
-972
-954
-923
-874
-804
-692
-557
-398
-209
1
224
432
634
833
998
1141
1279
1419
1559
1703
1860
2055
2276
2516
2779
3063
3354
3618
3836
4023
4145
4157
4055
3848
3531
3099
2568
1971
1350
704
74
-491
-985
-1404
-1741
-1988
-2161
-2266
-2309
-2296
-2250
-2193
-2138
-2085
-2054
-2063
-2083
-2124
-2212
-2349
-2542
-2775
-3008
-3226
-3395
-3528
-3620
-3643
-3594
-3473
-3288
-3027
-2673
-2234
-1761
-1249
-740
-271
172
591
956
1235
1459
1635
1750
1810
1835
1823
1791
1741
1653
1577
1519
1474
1461
1462
1487
1557
1656
1757
1878
2009
2120
2244
2357
2422
2434
2393
2318
2208
2045
1860
1662
1449
1222
972
706
430
139
-180
-506
-829
-1124
-1368
-1550
-1666
-1720
-1695
-1589
-1438
-1233
-1009
-818
-651
-545
-494
-498
-551
-607
-669
-724
-763
-768
-757
-734
-698
-677
-648
-618
-601
-562
-514
-467
-397
-324
-255
-184
-106
-35
13
39
35
11
-20
-53
-82
-101
-109
-79
-28
52
178
317
476
633
796
966
1126
1267
1364
1400
1359
1228
1042
819
566
306
41
-208
-441
-653
-801
-900
-920
-833
-663
-414
-107
232
565
862
1112
1295
1438
1539
1556
1489
1349
1121
810
462
109
-224
-534
-828
-1066
-1252
-1390
-1455
-1458
-1385
-1244
-1090
-925
-760
-614
-480
-387
-346
-355
-435
-558
-712
-878
-1050
-1218
-1334
-1405
-1473
-1531
-1601
-1666
-1694
-1680
-1594
-1416
-1171
-881
-598
-355
-143
45
238
404
550
673
761
816
828
814
747
658
605
573
569
625
724
847
967
1090
1234
1357
1441
1522
1614
1669
1686
1698
1698
1674
1614
1562
1492
1388
1284
1183
1070
950
813
690
569
452
349
242
126
14
-100
-201
-289
-374
-466
-557
-627
-695
-764
-842
-911
-932
-935
-953
-973
-979
-948
-914
-883
-832
-782
-746
-705
-675
-647
-625
-614
-577
-525
-495
-462
-415
-374
-341
-307
-290
-264
-228
-174
-107
-33
38
82
115
137
157
172
160
146
142
134
114
94
71
30
-1
-12
-17
-13
12
31
47
59
50
51
51
55
85
130
192
257
321
375
395
381
345
315
289
262
244
231
224
206
189
147
74
2
-52
-105
-135
-130
-107
-73
-51
-32
-23
-12
-13
-20
-10
2
27
55
73
80
77
63
39
17
0
-27
-58
-82
-92
-105
-116
-137
-173
-194
-183
-166
-158
-152
-127
-99
-88
-70
-43
-10
-3
-1
-17
-36
-58
-77
-76
-71
-55
-45
-41
-51
-50
-38
-13
15
35
52
58
54
51
51
61
75
67
69
82
80
102
144
151
164
184
174
144
103
71
63
49
29
14
17
22
28
43
50
40
-3
-39
-37
-37
-65
-92
-111
-137
-159
-154
-133
-120
-113
-101
-105
-98
-52
0
40
42
29
35
36
31
29
24
22
2
-18
-25
-25
-31
-40
-48
-79
-121
-152
-161
-146
-131
-143
-161
-172
-178
-187
-192
-179
-140
-112
-100
-70
-35
4
44
67
103
150
183
203
219
252
276
288
293
282
279
258
231
214
203
197
171
130
90
54
44
53
22
-13
-18
-10
-21
-33
-33
-20
5
18
30
40
53
60
73
74
68
58
25
-21
-60
-82
-103
-132
-143
-151
-180
-215
-255
-290
-309
-312
-296
-283
-268
-239
-208
-185
-158
-129
-116
-101
-92
-84
-93
-125
-136
-119
-111
-123
-130
-120
-96
-65
-28
8
38
65
95
137
163
181
209
241
253
252
257
265
274
278
280
277
259
222
191
177
153
127
111
104
95
71
46
44
48
34
10
-19
-52
-69
-97
-140
-157
-168
-177
-163
-151
-139
-128
-113
-105
-98
-72
-48
-30
-27
-21
-12
-7
-9
-18
-22
-27
-23
-16
-10
-5
-5
-3
1
4
-7
2
21
21
23
33
50
76
103
125
146
159
150
130
115
124
136
126
104
78
59
32
-3
4
1
-7
-1
5
8
8
29
48
54
54
38
43
54
29
-2
-18
-31
-32
-42
-69
-80
-90
-115
-161
-196
-216
-231
-236
-234
-236
-237
-221
-201
-198
-181
-171
-162
-148
-136
-123
-104
-86
-75
-56
-30
-1
14
24
34
54
76
94
110
108
118
127
136
145
131
118
115
107
96
84
78
79
78
78
76
63
51
31
-2
-13
-15
-20
-30
-47
-41
-25
-21
-18
-19
-25
-38
-51
-37
-21
-15
-13
-22
-18
-7
0
10
14
26
32
21
22
22
17
18
14
32
32
15
18
26
31
25
15
6
14
24
40
77
97
106
120
125
132
130
117
112
105
98
85
77
64
52
48
35
20
10
4
-10
-18
-16
-3
-7
-17
-13
-14
-17
-31
-47
-50
-50
-46
-49
-68
-78
-76
-79
-85
-78
-77
-87
-91
-103
-115
-127
-135
-127
-116
-113
-114
-114
-115
-105
-100
-95
-99
-105
-92
-76
-63
-51
-46
-35
-18
-4
11
25
18
6
1
16
48
62
67
52
37
47
56
53
36
20
22
41
59
76
86
102
119
116
129
143
142
137
119
107
89
59
41
36
30
12
-7
-7
-1
3
-6
-24
-40
-57
-60
-49
-35
-32
-45
-60
-64
-74
-72
-58
-42
-39
-26
-7
-8
-8
-9
-12
-3
-2
-10
3
7
1
-3
-4
-10
-13
-2
9
11
7
22
31
23
29
31
28
47
61
61
60
52
46
18
9
12
21
37
41
59
75
66
53
51
38
15
-6
-24
-31
-19
-23
-29
-17
-2
8
-10
-40
-51
-55
-57
-59
-51
-39
-34
-39
-51
-49
-41
-54
-80
-86
-87
-88
-88
-84
-76
-71
-62
-50
-24
-6
17
45
50
42
19
-5
8
18
17
40
62
53
24
10
20
56
77
88
86
55
38
24
25
33
32
37
27
12
1
-13
-6
12
21
19
12
14
4
3
32
44
34
8
-8
-10
-16
-32
-35
-14
-2
6
9
10
7
-10
-22
-22
-30
-39
-37
-48
-47
-32
-24
-18
-38
-52
-46
-41
-32
-31
-27
-15
-10
-13
-14
-15
-9
9
18
9
10
26
33
45
51
51
49
37
23
8
4
4
3
-3
-11
-15
-6
14
20
15
9
15
15
-3
-17
-23
-31
-42
-46
-34
-34
-42
-27
-21
-8
11
24
47
54
60
70
73
71
64
55
41
33
23
15
21
21
1
-28
-48
-55
-46
-44
-46
-39
-26
-10
-1
8
22
27
35
47
49
65
68
58
45
22
16
3
-22
-46
-58
-37
-28
-38
-37
-35
-35
-48
-49
-30
-19
-15
-14
-10
0
13
22
18
16
24
26
21
-3
-20
-33
-61
-75
-62
-42
-36
-44
-33
-8
22
45
62
74
70
75
81
73
67
59
40
28
33
45
50
34
8
1
3
7
-1
-12
-9
-19
-35
-38
-27
-39
-58
-61
-71
-67
-66
-57
-53
-61
-61
-67
-99
-132
-131
-111
-102
-101
-87
-80
-68
-58
-66
-60
-45
-31
-20
3
20
24
34
40
61
96
117
118
112
108
90
72
52
42
41
31
26
33
44
41
47
54
47
53
68
60
49
69
94
100
91
94
106
113
124
118
109
99
79
81
91
86
66
43
24
10
-7
-37
-59
-77
-73
-79
-95
-94
-98
-99
-104
-116
-138
-159
-174
-169
-139
-108
-80
-51
-40
-39
-31
-30
-24
-31
-48
-60
-71
-56
-37
-30
-23
-22
-22
-13
11
42
50
29
12
22
39
42
39
64
87
94
90
76
72
72
60
53
50
32
14
7
20
46
64
75
74
88
91
100
99
67
42
8
-23
-44
-63
-69
-69
-64
-70
-86
-94
-94
-98
-106
-126
-146
-137
-121
-111
-109
-99
-82
-73
-62
-59
-52
-51
-58
-54
-55
-36
-13
-3
8
-3
-9
-7
4
24
32
20
23
26
41
71
82
114
139
142
158
151
139
129
112
103
83
75
67
40
30
36
45
59
51
38
46
63
81
76
58
30
17
16
11
22
40
63
68
59
63
60
49
17
-21
-55
-72
-91
-105
-93
-79
-65
-68
-65
-63
-58
-51
-68
-89
-110
-105
-96
-85
-56
-18
13
35
41
29
2
-34
-62
-95
-119
-136
-145
-125
-106
-89
-67
-31
-10
-3
12
15
9
5
10
12
14
8
13
29
43
46
48
65
68
67
78
90
90
83
80
65
54
46
32
34
18
-15
-35
-42
-40
-43
-40
-30
-31
-28
-33
-38
-38
-27
-14
-13
-1
29
47
39
24
22
17
-1
-1
23
53
73
87
91
94
84
67
62
63
70
62
44
19
-13
-26
-29
-47
-57
-59
-67
-69
-81
-90
-90
-88
-84
-85
-82
-82
-75
-69
-60
-51
-41
-23
-8
-4
-7
-19
-29
-16
11
26
35
33
49
53
48
55
53
55
57
62
74
82
88
80
60
44
40
43
35
31
39
41
26
9
-5
-7
-10
-18
-23
-37
-41
-26
-20
-20
-4
5
5
16
24
24
13
8
-5
-20
-21
-28
-46
-62
-71
-74
-75
-86
-92
-78
-64
-63
-67
-61
-51
-42
-24
-16
-11
-6
-2
-1
0
2
7
16
7
6
8
-1
10
11
-8
-13
-14
8
43
50
49
58
71
87
75
57
47
62
84
85
93
94
109
104
68
39
29
27
9
-19
-49
-51
-45
-46
-38
-29
-32
-57
-80
-78
-85
-112
-135
-115
-88
-71
-56
-42
-30
-38
-51
-45
-36
-31
-23
-9
10
-2
-13
0
15
25
27
40
54
48
39
37
44
58
68
81
73
63
50
28
28
45
67
73
68
62
39
24
0
-9
-6
-14
-25
-31
-28
-32
-21
9
36
34
18
3
2
9
5
-7
-1
18
28
35
29
9
-11
-21
-40
-63
-81
-91
-99
-97
-92
-103
-94
-101
-109
-104
-88
-57
-48
-36
-18
-18
-21
-17
-10
18
37
41
51
43
43
67
97
129
139
115
89
73
54
40
34
21
4
5
2
-2
-7
-29
-35
-23
-5
4
13
23
10
2
18
23
9
10
13
2
-10
-21
-28
-27
-13
-15
-16
3
-1
-5
-18
-33
-31
-22
-24
-25
-19
-17
-8
0
-15
-32
-51
-53
-29
-10
-8
-10
-6
-14
-20
-21
-18
0
5
-13
-21
-15
-6
-7
-15
-21
-18
-1
5
-5
-15
-15
-18
-20
-15
-19
-37
-64
-73
-59
-31
-7
0
3
5
-8
-17
6
34
51
62
66
72
57
31
22
23
34
61
78
91
116
125
102
78
74
80
66
50
32
-2
-12
-14
-18
-13
-16
-37
-53
-56
-61
-43
-16
-1
19
30
50
56
44
43
48
45
18
7
12
1
-23
-34
-18
-3
0
-10
-21
-29
-48
-74
-86
-82
-70
-71
-79
-75
-71
-73
-71
-63
-47
-37
-36
-39
-23
-19
-39
-36
-40
-52
-46
-31
-24
-16
-11
-21
-32
-50
-55
-67
-65
-38
-8
24
35
25
16
8
4
5
8
13
26
26
32
49
59
73
87
94
88
90
89
82
63
37
31
31
36
43
59
69
70
67
56
45
33
-3
-43
-58
-76
-100
-110
-105
-95
-76
-48
-27
-7
-9
-4
-1
-3
0
-11
1
20
23
30
45
64
70
57
56
67
66
71
61
43
26
17
36
43
42
51
53
37
36
46
47
28
10
6
-16
-14
-2
3
-14
-31
-34
-40
-55
-64
-60
-60
-46
-45
-54
-54
-62
-75
-85
-88
-81
-83
-86
-59
-40
-39
-44
-40
-19
-29
-42
-28
-31
-35
-39
-37
-37
-57
-57
-48
-46
-46
-44
-18
17
43
58
62
83
101
89
69
59
49
19
11
20
15
5
-7
-4
6
2
12
37
46
44
48
64
66
66
62
44
43
40
31
25
23
23
29
20
9
11
10
20
27
28
28
29
31
12
-7
-23
-38
-46
-44
-42
-58
-65
-64
-79
-98
-88
-76
-86
-86
-67
-56
-49
-30
-10
13
25
28
37
37
31
25
28
41
51
53
43
49
51
29
33
32
20
21
28
44
64
77
60
32
-2
-36
-38
-33
-10
15
31
35
34
36
27
42
58
63
56
40
29
18
2
5
15
8
16
33
33
1
-30
-62
-91
-111
-123
-110
-97
-97
-110
-109
-108
-98
-83
-80
-69
-61
-59
-66
-58
-48
-29
-13
-15
7
21
2
-35
-65
-62
-55
-63
-43
-3
19
32
25
18
22
17
-2
-5
17
33
52
59
63
92
109
100
90
78
67
65
62
36
30
44
39
30
16
12
15
17
16
29
39
35
38
29
41
56
54
61
62
73
63
43
33
14
-5
-23
-35
-68
-81
-70
-65
-62
-56
-33
-27
-34
-19
-6
16
28
18
21
32
44
51
47
42
25
2
-14
-16
-16
-14
-20
-35
-36
-30
-30
-41
-33
-25
-23
-16
-19
-20
-31
-50
-55
-38
-18
-11
-8
-10
-14
-10
1
8
22
11
-15
-15
-33
-50
-47
-48
-42
-33
-29
-25
-36
-49
-60
-61
-58
-61
-47
-34
-13
10
18
30
46
45
37
27
27
39
23
15
29
34
37
32
29
19
22
41
47
40
20
15
-1
14
23
11
0
-12
-20
-17
-2
-19
-29
-26
-24
-27
-10
10
-9
-12
-2
15
38
32
31
39
33
27
13
9
16
14
8
8
14
26
48
47
44
49
56
75
79
71
54
33
30
42
49
47
35
25
11
7
11
11
6
-7
-20
-28
-30
-20
-9
-24
-49
-50
-42
-37
-33
-44
-30
0
6
-5
-22
-34
-42
-55
-54
-55
-49
-42
-52
-64
-81
-80
-77
-82
-60
-43
-47
-45
-32
-21
-25
-28
-18
-5
1
6
7
16
13
-12
-30
-44
-67
-93
-112
-120
-105
-80
-63
-43
-21
-4
25
38
41
44
41
47
46
63
92
93
97
91
91
107
109
122
131
130
129
123
117
103
86
82
84
79
56
37
41
43
9
-32
-41
-52
-63
-69
-84
-92
-91
-94
-84
-62
-37
-6
15
18
-2
-12
1
19
24
30
29
20
13
5
13
18
16
-4
-25
-28
-30
-29
-21
-12
-9
2
10
3
-10
-10
-5
-8
-9
-10
8
5
-11
-11
-8
-2
-16
-26
-27
-29
-9
22
23
17
30
13
-6
-16
-38
-39
-29
-24
-29
-45
-32
-12
0
9
2
-2
1
-5
-21
-40
-50
-50
-36
-21
-19
-13
-11
-32
-61
-66
-55
-50
-55
-52
-33
-17
-12
13
38
42
42
49
64
67
56
48
44
29
26
19
8
11
10
22
17
-4
-12
2
10
19
38
39
40
43
46
37
27
17
-3
-4
4
25
42
43
58
78
68
53
53
63
66
25
-14
-40
-58
-53
-56
-50
-34
-14
-12
-10
-9
-29
-31
-16
-2
-6
-15
-7
-2
-8
-7
13
35
42
55
56
55
44
14
10
-1
-14
-17
-20
-17
-30
-43
-42
-44
-31
-21
-22
-23
-10
10
22
19
24
33
53
55
41
46
52
52
38
26
18
8
-14
-40
-50
-56
-55
-43
-35
-44
-71
-100
-117
-127
-126
-124
-126
-118
-100
-99
-96
-103
-98
-83
-87
-59
-12
28
49
50
39
33
42
44
54
76
94
102
108
90
65
62
46
35
20
1
15
18
12
28
28
32
46
48
69
81
80
81
77
57
35
29
11
-11
-14
-10
-5
-18
-47
-51
-46
-42
-43
-45
-30
-26
-24
-10
2
16
30
48
74
98
105
102
100
82
58
54
51
40
35
32
28
31
28
12
-2
-15
-24
-26
-32
-25
-5
13
18
11
-21
-47
-43
-33
-9
19
17
-24
-56
-70
-81
-56
-45
-32
-25
-45
-58
-75
-97
-84
-52
-47
-51
-55
-62
-72
-104
-120
-89
-60
-46
-41
-43
-54
-79
-63
-37
-31
-31
-54
-43
-22
-23
-18
2
22
36
52
66
65
39
28
27
36
51
53
72
82
61
58
55
49
41
33
27
10
12
32
47
52
52
52
44
40
45
39
38
44
33
28
30
19
20
26
29
20
20
29
44
58
59
74
67
48
42
31
29
28
36
34
14
-10
-30
-50
-63
-70
-82
-60
-34
-9
6
1
11
22
18
12
5
-4
-8
-19
-28
-41
-50
-44
-38
-36
-42
-44
-63
-93
-90
-70
-51
-47
-36
-18
-10
-17
-17
5
22
21
15
16
20
14
-6
-4
13
28
36
18
-10
-34
-30
-18
-18
-12
-7
3
1
-9
-22
-40
-36
-17
-29
-48
-46
-52
-42
-32
-31
-14
3
4
0
-4
-18
-22
-22
-17
-17
-9
-1
4
21
31
29
32
21
13
15
3
-22
-35
-39
-41
-37
-17
0
7
14
8
24
68
84
88
97
104
114
108
109
121
122
111
93
72
49
45
44
44
45
36
23
5
-20
-26
-25
-26
-28
-41
-39
-33
-36
-41
-38
-27
-29
-47
-67
-65
-49
-44
-32
-17
-8
-11
-21
-13
-8
-1
15
31
30
14
-1
-21
-25
-12
-15
-21
-24
-31
-39
-49
-56
-50
-42
-30
-11
5
26
51
65
69
66
62
52
36
22
27
24
-2
-11
-24
-41
-61
-114
-141
-126
-111
-108
-100
-91
-86
-75
-69
-69
-49
-30
-7
15
23
44
76
81
71
62
58
52
34
18
-4
-10
4
9
12
19
20
27
34
35
36
28
26
34
31
10
7
9
9
22
19
22
35
40
40
51
56
62
60
48
40
28
2
-16
-27
-40
-50
-68
-72
-61
-48
-55
-56
-40
-38
-40
-38
-23
-15
-19
-22
-30
-40
-40
-31
-17
-7
-2
10
17
23
38
60
74
73
56
41
48
56
53
40
38
44
42
50
58
67
78
64
47
33
21
6
-3
-2
-7
-26
-31
-33
-44
-54
-57
-49
-54
-67
-77
-85
-82
-74
-85
-79
-63
-50
-32
-23
-2
9
4
-12
-25
-23
-23
-11
-7
-10
-13
-8
-4
-18
-22
-33
-37
-39
-33
-29
-39
-25
3
33
37
38
26
11
17
8
-4
-21
-32
-22
-15
-26
-40
-44
-26
0
23
57
76
79
81
75
62
48
41
47
49
48
52
41
43
32
11
6
3
3
-13
-29
-32
-26
-20
0
23
32
41
56
66
62
59
33
6
1
-6
-18
-36
-33
-38
-26
-16
-23
-25
-36
-43
-41
-32
-34
-22
-14
-15
1
7
8
10
8
8
3
-4
14
23
22
23
18
24
31
38
48
38
25
17
7
6
7
-4
-21
-30
-43
-50
-42
-53
-68
-79
-98
-112
-119
-125
-102
-64
-31
2
23
33
22
3
-4
-8
-23
-39
-37
-44
-59
-54
-34
-19
-11
-3
7
15
5
16
38
43
58
81
95
108
110
94
83
94
118
118
97
71
52
42
31
25
25
23
5
-14
-32
-54
-58
-58
-59
-41
-17
0
-4
-7
8
17
2
5
14
-6
-8
2
14
24
26
29
34
27
24
41
44
42
27
2
-11
-3
9
6
5
2
-9
-27
-42
-53
-52
-59
-72
-87
-98
-92
-84
-76
-70
-66
-67
-75
-85
-78
-56
-42
-29
-11
-6
-1
14
24
15
-5
2
10
11
25
43
50
46
39
36
28
23
31
33
35
57
77
87
80
54
37
38
42
51
67
60
50
41
26
16
7
6
-5
-30
-56
-54
-53
-61
-57
-40
-35
-35
-27
-22
-21
-18
-4
-3
-1
15
29
31
20
33
61
80
73
49
31
21
26
30
39
49
27
-3
-14
-7
0
-1
-13
-36
-48
-42
-44
-56
-61
-60
-43
-41
-54
-57
-53
-43
-41
-34
-31
-26
-6
4
10
24
48
52
37
33
36
45
48
46
39
45
48
51
48
28
3
-31
-48
-44
-39
-42
-43
-29
-17
-17
-19
-20
-10
13
15
13
13
14
25
40
33
15
6
-11
-25
-28
-29
-33
-37
-16
0
15
10
-18
-24
-22
-11
2
6
7
10
10
0
-15
-42
-64
-65
-63
-53
-35
-30
-20
-10
2
5
-10
-8
14
35
40
43
44
39
40
44
60
64
65
71
57
47
57
57
59
60
45
32
28
14
-10
-8
5
11
10
0
7
-2
-14
-20
-18
4
12
-3
-29
-48
-51
-55
-46
-18
5
22
28
26
16
7
-5
-21
-23
-22
-16
-2
9
11
13
24
37
27
23
42
52
48
32
29
10
-21
-46
-59
-52
-53
-56
-59
-57
-48
-49
-55
-56
-53
-46
-40
-39
-48
-56
-60
-47
-41
-24
-25
-40
-37
-47
-49
-32
-6
16
8
2
14
21
32
38
31
27
15
5
0
-7
-4
3
22
62
71
48
24
9
12
2
-7
7
21
28
39
50
64
74
71
76
70
51
42
24
13
4
-4
11
30
35
38
24
7
5
18
22
-1
-20
-39
-70
-87
-94
-104
-86
-61
-36
-3
18
20
30
53
70
75
79
86
93
101
92
71
79
74
38
25
20
-2
-32
-64
-90
-86
-82
-94
-95
-100
-96
-68
-48
-53
-56
-49
-33
-4
12
21
32
27
12
-3
-11
-10
0
13
30
42
38
36
14
-14
-29
-37
-21
-21
-18
2
19
35
29
