SAMPLES:	14488
BITSPERSAMPLE:	16
CHANNELS:	1
SAMPLERATE:	16000
NORMALIZED:	FALSE
-15
-21
-20
-11
4
19
26
23
22
22
14
1
-21
-36
-38
-30
-12
1
3
-5
-13
-18
-20
-12
-2
-2
-4
0
4
2
4
3
-7
-12
-11
-7
-1
-7
-13
-15
-15
-16
-22
-23
-16
-10
5
16
15
8
-3
-16
-35
-53
-60
-53
-47
-44
-42
-40
-36
-25
-6
5
17
23
27
39
50
57
55
48
42
28
17
7
-8
-25
-40
-54
-67
-70
-60
-43
-26
-15
-15
-16
-8
2
23
58
85
101
111
116
110
102
98
94
83
65
41
23
10
3
9
25
32
31
30
22
11
-8
-27
-35
-36
-30
-20
-10
-12
-29
-35
-43
-50
-53
-49
-41
-41
-35
-24
-21
-29
-38
-43
-46
-51
-50
-47
-46
-50
-61
-60
-62
-65
-59
-46
-28
-11
-9
-12
-12
-17
-13
4
19
30
36
41
49
49
38
31
23
11
-2
-4
4
17
23
28
36
22
3
-6
-6
6
16
23
26
36
40
40
37
36
36
29
29
33
33
17
3
-5
-9
-8
-17
-16
-3
15
30
24
21
25
35
37
26
18
10
7
9
6
-4
-10
-14
-8
4
8
-5
-24
-41
-48
-44
-26
-11
-12
-21
-37
-55
-62
-50
-29
-12
0
12
17
13
-3
-11
-14
-18
-27
-41
-52
-57
-54
-39
-20
7
33
46
41
25
12
9
0
-9
-10
-3
2
2
4
4
7
11
16
16
8
5
16
16
5
-8
-15
-17
-15
-9
7
17
11
-3
-13
-15
-23
-35
-39
-35
-31
-25
-16
-9
-7
-6
-5
-8
-7
0
7
11
13
24
43
53
55
52
53
57
56
51
47
41
33
33
38
41
43
42
27
10
-1
-1
11
24
30
28
22
24
23
0
-34
-55
-49
-32
-24
-19
-12
-9
-11
-18
-29
-36
-38
-47
-46
-33
-22
-12
0
4
1
4
11
20
27
30
30
28
26
22
18
10
-2
-8
-1
-3
-10
-13
-5
-2
-17
-37
-57
-79
-89
-92
-81
-55
-38
-30
-22
-8
-1
-9
-12
-5
2
15
29
46
66
70
64
57
40
29
19
11
6
-3
-9
-14
-19
-18
-16
-13
-6
-4
-4
-11
-22
-32
-28
-15
0
21
42
54
47
28
5
-13
-20
-17
-4
16
34
48
66
71
71
69
67
75
86
83
68
48
28
20
20
24
29
33
31
18
4
-7
-19
-31
-52
-68
-71
-66
-62
-61
-56
-46
-42
-44
-38
-32
-33
-35
-38
-43
-47
-54
-44
-23
-2
12
9
2
-3
-9
-10
-6
3
4
0
-1
-9
-12
-13
-9
-8
-20
-30
-38
-42
-43
-48
-49
-39
-25
-13
-1
9
17
23
28
35
39
41
41
46
42
35
36
44
48
45
43
37
25
14
4
-2
-8
-11
-9
3
13
16
18
22
28
27
18
9
4
16
32
43
46
44
39
30
21
15
-2
-19
-23
-21
-22
-24
-19
-17
-16
-25
-43
-52
-58
-59
-54
-48
-51
-49
-39
-20
3
12
12
-4
-19
-21
-12
5
24
40
40
42
48
55
59
54
43
28
8
-11
-17
-17
-7
8
9
8
8
4
-1
1
-5
-16
-15
-4
7
12
20
21
12
-1
-22
-37
-48
-51
-57
-65
-59
-56
-54
-50
-40
-33
-36
-38
-36
-34
-28
-21
-13
-1
11
23
33
39
39
34
27
14
3
-3
-9
-19
-23
-24
-15
-1
13
29
42
48
41
30
29
30
35
36
41
44
40
37
30
20
10
16
23
15
-5
-21
-22
-19
-21
-7
14
27
24
15
9
5
4
8
14
13
8
2
-6
-8
-14
-28
-40
-46
-48
-53
-54
-42
-25
-12
-12
-22
-31
-38
-43
-41
-27
-13
6
18
25
42
53
61
65
64
53
39
19
3
-2
-15
-26
-33
-38
-42
-39
-32
-34
-40
-54
-74
-76
-68
-57
-39
-20
-1
21
31
36
39
36
34
32
32
37
40
41
39
38
38
26
17
4
-5
-9
-9
-7
1
5
-10
-24
-25
-14
3
8
10
6
3
6
3
1
0
3
6
-6
-23
-42
-52
-53
-46
-34
-18
-3
-4
-10
-17
-22
-17
-2
12
16
18
17
14
0
-16
-23
-27
-18
-6
1
14
24
23
18
22
29
34
36
34
33
25
17
6
0
0
2
7
12
15
-3
-26
-44
-53
-53
-49
-33
-14
-6
-13
-23
-28
-20
-11
-3
-3
-16
-17
-5
9
16
19
17
18
14
15
22
25
27
16
13
19
23
23
24
31
33
31
28
17
-2
-17
-23
-23
-23
-30
-25
-19
-11
-11
-18
-18
-27
-39
-38
-31
-15
-7
-11
-13
0
24
41
46
46
40
24
1
-7
6
23
42
54
58
62
56
38
14
-15
-38
-50
-50
-42
-28
-14
-11
-16
-25
-37
-39
-37
-37
-42
-50
-52
-53
-46
-29
-10
5
22
40
44
40
35
23
14
5
-5
-6
6
17
25
37
38
16
-22
-49
-62
-66
-60
-50
-34
-10
10
17
13
6
6
17
32
49
62
67
66
65
66
74
87
93
90
82
60
30
10
-7
-22
-36
-38
-30
-32
-42
-49
-52
-51
-43
-26
-7
-3
-11
-25
-34
-29
-18
-11
-7
-5
-1
1
3
10
15
16
15
17
16
5
-3
-8
-4
-1
5
12
15
15
13
5
-7
-1
12
19
24
23
15
1
-10
-14
-12
0
11
9
3
-11
-34
-53
-63
-63
-61
-54
-48
-42
-41
-38
-36
-34
-32
-24
-12
1
19
33
33
36
36
36
36
30
27
14
9
9
10
8
-8
-10
5
26
51
67
60
41
10
-17
-23
-24
-16
4
26
37
41
44
39
35
36
34
20
11
12
17
20
23
26
22
9
-4
1
5
-2
-8
-12
-13
-16
-25
-23
-26
-33
-32
-36
-42
-46
-48
-41
-37
-33
-25
-14
-11
-23
-35
-33
-12
24
60
82
86
81
76
65
47
36
23
21
28
28
16
-5
-28
-48
-59
-63
-63
-58
-57
-62
-60
-53
-40
-19
-4
6
12
14
18
21
25
21
21
31
43
57
61
47
21
0
-11
-29
-34
-32
-29
-22
-19
-16
-23
-30
-27
-19
-10
1
7
5
-1
-3
6
12
9
3
-3
-7
-16
-14
-4
1
-3
-16
-22
-16
-9
-15
-21
-25
-27
-28
-31
-29
-17
3
23
47
60
53
39
24
17
23
27
30
28
26
26
22
22
21
21
24
21
26
33
33
24
10
2
-10
-22
-24
-24
-15
-9
-10
-10
-6
13
33
38
43
41
27
10
1
1
9
14
7
-5
-6
-8
-11
-19
-23
-20
-33
-59
-74
-77
-76
-75
-68
-60
-52
-37
-21
-12
-11
-19
-24
-24
-22
-26
-17
-4
-3
8
9
8
6
1
4
10
15
24
35
43
45
42
32
19
9
5
10
21
25
13
3
-4
-15
-24
-22
-16
-14
-18
-23
-24
-22
-23
-23
-20
-20
-20
-9
-3
0
14
24
38
44
42
36
21
3
-8
-6
9
34
51
46
27
5
-8
-13
-6
7
15
10
-6
-19
-24
-26
-25
-30
-30
-23
-17
-9
3
21
36
35
20
17
14
15
11
0
-1
0
-3
-18
-34
-45
-53
-52
-49
-49
-42
-32
-26
-20
-16
-9
-4
-2
6
20
37
43
46
50
57
66
61
57
48
37
24
2
-12
-22
-38
-47
-56
-60
-63
-65
-63
-64
-67
-69
-67
-57
-46
-33
-31
-40
-54
-72
-73
-62
-39
-6
29
57
74
83
83
77
57
36
28
27
29
28
31
41
38
20
-8
-28
-38
-40
-29
-18
-10
-1
-2
-4
-5
-11
-1
17
20
23
28
36
50
58
62
67
67
62
49
33
20
11
6
-3
-12
-13
-14
-18
-22
-21
-12
-10
-17
-31
-41
-37
-29
-31
-37
-45
-49
-48
-51
-45
-26
-19
-23
-25
-16
4
20
29
33
25
10
6
9
14
16
20
18
6
-15
-29
-39
-46
-47
-49
-51
-47
-47
-39
-31
-22
-12
-6
8
31
42
45
46
37
31
21
1
-3
3
8
15
20
20
16
13
14
13
4
-5
-11
-17
-29
-34
-41
-48
-44
-37
-27
-18
-12
-9
0
0
-5
-9
-14
-14
-9
-1
9
26
39
49
56
59
50
38
24
11
6
1
4
17
23
21
21
21
18
13
7
10
22
27
28
31
34
29
30
33
23
5
-12
-17
-11
-6
2
4
-8
-30
-41
-55
-58
-48
-46
-33
-12
4
13
9
-1
-6
-7
-9
-1
12
24
29
31
33
25
14
2
-7
-13
-14
-22
-31
-32
-30
-28
-25
-21
-25
-30
-28
-29
-28
-20
-14
-8
-6
-12
-20
-18
-1
15
16
15
17
16
14
17
26
35
34
28
23
15
20
23
23
18
1
-17
-24
-22
-20
-33
-48
-49
-41
-19
2
22
40
50
47
35
25
28
26
23
22
26
37
37
26
15
17
22
16
9
9
18
29
30
28
26
30
30
28
39
58
67
58
44
27
7
-20
-32
-27
-24
-28
-40
-57
-67
-64
-54
-39
-25
-12
-11
-12
-9
-18
-20
-16
-5
8
16
25
23
13
0
-13
-13
-2
6
16
27
24
15
-2
-20
-23
-26
-33
-37
-34
-24
-13
-6
-1
-1
-3
-7
-15
-14
-4
2
7
14
12
6
-1
-2
10
16
6
-11
-13
-9
-10
-11
-2
6
14
21
24
25
19
11
3
7
20
34
45
46
34
18
6
-2
1
-1
-11
-22
-25
-17
-12
-12
-16
-22
-20
-10
4
27
41
45
37
22
13
7
12
23
24
21
25
31
32
20
10
8
2
-15
-28
-22
-6
8
24
34
24
3
-13
-22
-20
-21
-24
-17
-18
-17
-15
-22
-26
-36
-47
-52
-59
-72
-84
-88
-76
-59
-48
-37
-20
-8
2
11
13
13
14
10
12
20
24
26
29
38
45
53
63
66
56
39
21
9
10
16
14
5
7
16
20
23
30
37
28
14
1
-8
-6
-3
-4
-8
-9
-14
-28
-38
-51
-63
-60
-44
-22
-6
5
14
13
-2
-16
-27
-39
-55
-63
-53
-28
-5
4
7
12
17
17
4
-4
-3
-8
-4
5
18
36
43
43
42
25
1
-14
-20
-25
-34
-46
-56
-54
-46
-36
-26
-14
-9
-10
-18
-23
-22
-24
-36
-39
-27
-18
-13
-8
-7
4
16
22
25
24
17
19
29
41
46
33
19
10
14
21
24
25
17
9
9
8
1
-12
-24
-32
-30
-26
-23
-17
-14
-11
-1
6
12
23
21
8
3
4
9
15
22
31
39
44
45
37
25
10
-1
-2
9
30
49
51
32
6
-17
-31
-54
-77
-86
-88
-73
-52
-35
-23
-20
-29
-44
-56
-63
-73
-80
-80
-75
-66
-53
-35
-19
1
13
17
20
20
13
-3
-12
-12
-10
-5
-3
3
14
14
3
-8
-13
-16
-16
-18
-17
-8
-1
10
19
27
41
48
44
37
38
44
50
42
34
36
24
11
12
26
43
45
42
34
21
0
-17
-19
-11
-9
-20
-24
-22
-27
-28
-29
-27
-20
-17
-3
9
12
12
8
8
8
12
8
0
-3
-4
5
18
25
28
20
9
-1
-2
3
8
9
5
5
8
9
0
-4
-9
-16
-23
-30
-31
-31
-32
-36
-36
-29
-17
-2
12
33
38
23
11
14
11
3
-2
-5
-6
-12
-15
-8
-4
-3
-7
-14
-16
-18
-15
-5
10
23
38
43
44
41
36
35
38
40
39
38
33
31
29
29
22
2
-16
-34
-39
-41
-42
-34
-21
-10
4
12
16
23
30
41
47
40
22
7
-11
-38
-50
-42
-19
-4
-2
0
0
-5
-15
-22
-24
-26
-26
-19
1
17
28
39
39
31
26
23
22
28
24
15
19
26
22
3
-9
-12
2
18
20
19
16
14
17
19
20
26
20
10
-2
-17
-23
-21
-16
-2
14
20
16
10
12
14
12
11
17
24
35
41
41
39
26
17
17
31
50
65
76
77
62
45
30
14
3
-8
-25
-41
-47
-49
-50
-43
-38
-31
-22
-22
-30
-45
-55
-50
-34
-19
-8
-5
-9
-15
-26
-31
-36
-39
-28
-18
-8
8
30
48
48
39
32
38
37
27
15
5
8
20
24
24
19
0
-12
-18
-8
11
17
17
15
22
32
33
34
34
29
21
8
-1
-10
-25
-34
-40
-36
-17
1
19
35
47
54
53
54
49
39
28
17
9
6
10
20
27
25
22
22
20
12
0
0
9
9
6
-8
-25
-34
-39
-36
-32
-33
-27
-13
2
1
-4
-5
-3
4
20
33
43
44
27
6
-11
-13
-8
-1
-1
-4
-19
-31
-32
-46
-56
-55
-43
-29
-26
-28
-35
-41
-42
-35
-21
-13
-8
-2
0
5
15
32
47
47
46
51
63
67
44
18
3
0
-4
0
12
27
45
49
45
31
9
-10
-27
-38
-47
-43
-19
9
25
27
21
5
-7
-12
-10
-14
-26
-37
-40
-32
-28
-26
-19
-8
-5
-9
-14
-14
-13
-11
2
11
14
12
12
20
37
52
66
78
80
78
69
45
21
13
19
20
8
-9
-25
-42
-50
-58
-62
-60
-52
-45
-41
-45
-44
-50
-61
-67
-63
-43
-24
-9
5
13
11
10
16
15
3
-3
5
19
35
39
42
40
30
22
10
3
0
-4
-5
-3
1
5
-3
-11
-24
-37
-40
-29
-12
-4
-2
3
12
24
36
42
43
43
37
33
41
50
42
12
-18
-33
-43
-51
-64
-65
-55
-42
-22
-11
-10
-7
-5
-4
-3
-15
-37
-41
-32
-30
-20
0
14
16
18
11
-3
-14
-34
-50
-51
-43
-31
-8
8
18
22
15
1
-18
-32
-38
-33
-28
-25
-15
-4
8
15
10
9
8
7
5
-5
-8
5
27
57
74
81
83
74
65
59
56
57
58
54
51
48
34
26
20
3
-11
-11
-4
1
1
2
16
29
36
32
21
4
-26
-54
-74
-91
-96
-91
-91
-94
-87
-82
-77
-78
-86
-88
-82
-73
-57
-31
-7
13
28
35
29
15
8
8
13
15
9
-4
-9
-2
6
18
34
49
51
44
29
14
7
2
-3
-8
-14
-16
-21
-31
-31
-14
2
2
2
9
12
22
34
42
44
47
47
46
51
50
45
37
28
25
18
9
1
0
0
-5
-8
-10
-17
-21
-25
-29
-18
-7
-6
-15
-22
-20
-23
-25
-26
-34
-35
-35
-31
-19
-8
-7
-3
-1
-5
1
10
15
17
15
18
26
31
31
26
21
19
12
12
9
-11
-31
-49
-59
-47
-27
-14
9
31
33
22
20
9
-28
-50
-65
-57
-30
-22
-21
1
8
-5
-5
-2
-8
-17
-18
-26
-19
5
21
44
59
55
42
24
12
1
0
7
25
42
47
47
46
36
14
-6
-15
-16
-13
-14
-8
5
8
11
14
20
23
14
-6
-28
-49
-62
-67
-74
-68
-49
-27
-7
-6
-12
-9
-19
-34
-37
-38
-41
-40
-34
-30
-31
-31
-31
-29
-18
-9
5
20
26
30
33
37
44
44
47
43
27
19
11
-3
-14
-13
-8
-3
2
1
1
-9
-25
-35
-35
-35
-28
-13
6
29
40
46
46
43
37
31
33
36
43
51
55
53
48
35
26
14
-10
-26
-28
-23
-6
10
16
17
8
1
0
5
5
0
3
12
8
7
14
10
-8
-28
-42
-50
-59
-58
-53
-43
-33
-19
-7
-3
0
2
0
-8
-18
-30
-42
-54
-69
-76
-68
-58
-40
-18
-10
-10
-5
-1
9
15
9
5
3
4
8
20
32
37
39
32
14
-1
-11
-25
-31
-27
-19
-5
0
0
-3
-5
-5
-7
-11
-3
6
12
16
18
28
38
41
35
32
40
39
32
39
50
49
42
30
14
10
6
-6
-6
1
5
-4
-9
-16
-31
-35
-30
-21
-20
-19
-26
-38
-35
-22
-12
0
15
28
44
49
47
43
40
39
34
30
22
13
8
1
-13
-26
-32
-29
-31
-42
-52
-57
-58
-51
-40
-30
-14
-1
-2
-2
13
12
7
13
22
23
19
4
-12
-24
-39
-50
-47
-34
-30
-37
-46
-55
-52
-39
-13
17
33
53
58
50
42
29
18
7
6
9
13
23
31
40
36
19
8
-4
-12
-7
-6
-1
21
25
23
25
27
23
20
30
45
51
38
21
7
-9
-28
-41
-31
-18
-18
-31
-44
-48
-51
-49
-48
-46
-46
-48
-50
-45
-36
-35
-35
-25
-19
-21
-28
-22
-11
2
16
25
29
28
29
38
45
39
30
18
7
5
9
16
26
20
14
11
6
3
2
5
-2
-4
-4
-5
-7
-10
-6
7
17
33
57
65
67
71
75
73
58
39
19
9
11
16
23
23
-5
-28
-24
-32
-41
-37
-34
-32
-30
-42
-52
-45
-38
-38
-39
-38
-36
-37
-40
-35
-31
-23
-15
-8
1
11
19
16
15
16
12
-19
11
44
-1
21
21
-14
4
25
-6
-26
-20
-41
-32
-14
-31
-55
-55
-59
-82
-33
32
38
60
44
-3
-32
-82
-85
-11
60
67
47
24
-17
-30
7
35
58
97
100
101
121
96
78
56
53
47
7
10
-11
4
43
53
41
-43
-131
-174
-147
-120
-108
-40
-95
-73
159
115
90
192
-29
-233
-111
-67
-85
146
249
128
124
156
12
-154
-152
-124
-157
-134
-56
173
239
46
-74
7
10
-201
-262
30
113
-274
-115
315
2362
906
-3218
-1256
1134
865
529
176
585
-1488
-1356
-642
-1165
3392
1663
133
-828
-2658
-564
-794
1218
1400
196
223
-279
-408
25
171
-87
-267
-516
-223
336
497
233
207
2
-326
65
208
-54
-339
-430
24
311
581
395
-376
-236
-725
-756
836
500
222
360
-512
-313
-285
158
347
-63
762
-283
-2
286
-796
306
-155
4
-24
-718
523
370
69
112
-378
176
-80
-241
68
-142
492
-182
-238
217
-29
497
189
66
-80
-452
-119
-316
-128
222
75
234
-86
-202
-20
-60
-2
-59
89
61
58
263
135
-8
-27
-11
-6
54
85
102
93
77
86
-80
-216
-106
59
-22
-76
51
35
33
155
44
-112
-85
-126
-87
-147
-52
-9
-96
55
-39
52
105
-50
52
-6
-16
-70
-199
31
76
-18
-15
24
107
150
-22
-101
-110
-64
113
-44
-22
33
1
45
-66
112
68
-183
-91
-121
-30
69
93
104
42
111
5
-55
-65
-131
-52
66
16
-25
-23
-49
-15
-73
-8
35
47
156
55
-15
-59
-169
-166
-49
99
167
178
103
16
-65
-73
-7
-3
16
-38
-58
-8
14
110
141
112
53
-109
-118
-83
17
138
137
99
3
-19
-24
23
64
52
41
9
-24
-60
4
89
66
13
-83
-111
-56
-65
-13
-13
-30
7
-28
10
-12
-23
-23
-91
-25
-44
-55
-1
37
94
53
6
-51
-56
-9
35
89
132
81
0
-40
-48
-35
-55
-28
-46
-40
-2
31
65
30
-36
-103
-92
-49
6
65
74
35
-59
-95
-76
-45
-18
-21
-13
-26
-51
-61
-57
-15
2
-2
16
25
37
39
39
62
57
35
6
-19
-8
-2
31
68
68
50
5
-31
-41
-36
-23
-3
12
42
34
-1
-29
-66
-44
-24
-8
15
-5
-9
-22
-30
-12
4
30
12
-18
-28
-36
-18
2
14
26
13
-8
-9
3
30
45
47
48
38
38
47
55
63
46
21
-4
-21
-10
7
22
22
7
-5
-11
-2
9
12
2
-18
-38
-51
-40
-15
14
24
15
16
22
33
32
21
18
16
18
11
2
-9
-15
-16
-19
-18
-10
-12
-21
-37
-51
-77
-94
-87
-97
-93
-81
-64
-37
-25
-17
-20
-13
0
10
36
48
53
52
50
71
83
95
100
85
65
35
1
-38
-59
-65
-59
-61
-64
-69
-79
-68
-65
-59
-54
-62
-67
-47
-12
4
8
22
33
36
40
51
72
80
78
72
54
44
37
24
17
19
21
26
35
39
34
19
-8
-36
-47
-26
12
43
54
50
24
-12
-45
-64
-55
-26
16
49
57
42
11
-21
-42
-52
-52
-33
-10
1
-4
-11
-8
-6
-14
-25
-22
-10
-5
-3
-1
7
6
5
11
22
41
37
21
10
13
22
27
26
21
20
13
7
-6
-34
-42
-38
-36
-30
-37
-39
-31
-24
-14
-9
2
1
-10
-18
-24
-21
-22
-19
-14
-20
-17
-16
-19
-19
-18
-23
-29
-21
-15
-13
-5
2
8
21
27
28
35
39
35
27
26
26
17
17
36
59
70
63
48
37
21
-2
-18
-24
-15
-10
-19
-29
-21
-14
-17
-19
-20
-18
-17
-19
-16
-10
3
8
3
3
-1
-8
-20
-27
-26
-28
-28
-36
-39
-42
-43
-25
-2
21
26
16
9
4
-2
-8
1
19
32
46
52
41
31
28
38
51
54
53
52
57
63
68
70
66
60
58
50
35
22
14
11
6
-8
-25
-48
-64
-76
-69
-45
-24
-14
-21
-33
-38
-40
-42
-48
-53
-43
-26
-4
15
27
36
23
-2
-17
-28
-37
-42
-46
-43
-41
-53
-62
-55
-41
-36
-35
-23
-8
-8
-23
-23
-6
7
13
27
48
62
66
69
66
61
55
44
34
22
11
4
-7
-14
-17
-19
-27
-38
-50
-55
-55
-53
-48
-43
-36
-25
-6
7
10
19
32
41
53
66
73
70
53
31
21
16
3
-10
-9
-2
-2
-9
-20
-20
-26
-38
-38
-33
-18
3
28
47
54
55
43
35
25
15
22
41
66
81
94
103
104
92
70
44
20
-2
-14
-20
-18
-22
-30
-25
-19
-16
-14
-9
7
12
9
18
31
35
25
9
-8
-20
-35
-51
-52
-48
-54
-51
-41
-35
-31
-37
-40
-42
-42
-46
-60
-73
-65
-51
-35
-17
-20
-40
-54
-52
-52
-55
-55
-60
-70
-82
-93
-97
-85
-65
-55
-45
-43
-42
-44
-40
-24
-5
13
24
28
21
5
0
-3
-2
2
7
7
9
2
-12
-18
-18
-8
2
13
16
20
37
51
67
84
95
109
125
139
144
142
138
133
133
135
135
126
120
136
158
170
177
181
189
192
185
187
181
165
143
121
106
81
57
40
31
30
33
39
42
36
22
6
-5
-9
-11
-23
-38
-60
-80
-96
-117
-152
-188
-209
-228
-240
-242
-255
-262
-266
-265
-262
-264
-272
-276
-271
-266
-259
-253
-244
-234
-232
-228
-224
-220
-214
-210
-193
-180
-170
-160
-152
-141
-132
-114
-92
-65
-32
-16
-4
9
28
46
48
54
68
86
99
108
128
147
170
199
217
238
264
282
295
303
309
315
317
327
343
356
368
381
390
389
379
354
328
319
324
331
327
317
303
299
292
278
265
238
190
142
101
72
53
28
1
-19
-48
-78
-113
-136
-175
-201
-228
-228
-251
-309
-313
-289
-340
-451
-494
-493
-531
-595
-581
-540
-558
-608
-600
-575
-612
-686
-687
-658
-668
-700
-679
-642
-651
-696
-687
-660
-679
-719
-713
-687
-696
-713
-676
-631
-624
-645
-637
-613
-601
-590
-539
-471
-425
-394
-349
-317
-312
-311
-282
-232
-185
-140
-89
-45
-17
14
55
96
147
226
303
381
455
523
582
629
678
724
788
871
955
1045
1149
1276
1420
1562
1732
1951
2174
2367
2555
2771
2980
3116
3200
3306
3458
3593
3635
3618
3612
3605
3527
3369
3197
3047
2856
2577
2267
1998
1756
1456
1075
706
406
123
-213
-559
-830
-1051
-1306
-1606
-1846
-1971
-2078
-2243
-2399
-2474
-2520
-2628
-2766
-2814
-2791
-2809
-2886
-2914
-2870
-2849
-2900
-2939
-2904
-2850
-2832
-2806
-2722
-2623
-2561
-2502
-2373
-2215
-2090
-1976
-1819
-1625
-1446
-1293
-1125
-938
-759
-595
-420
-229
-42
128
291
433
558
673
780
882
954
999
1023
1038
1034
1007
969
922
860
793
727
672
613
540
470
407
346
286
233
202
199
203
196
186
191
202
205
204
193
184
178
161
147
146
144
134
116
99
102
124
154
191
239
313
407
523
658
808
969
1136
1313
1493
1678
1877
2081
2285
2494
2689
2865
3020
3151
3254
3317
3334
3305
3247
3157
3026
2867
2672
2435
2168
1885
1605
1315
1005
679
339
2
-319
-619
-910
-1190
-1448
-1693
-1918
-2108
-2263
-2387
-2497
-2598
-2699
-2792
-2877
-2949
-3009
-3057
-3100
-3152
-3206
-3247
-3278
-3295
-3295
-3279
-3255
-3205
-3117
-3005
-2871
-2730
-2565
-2374
-2170
-1950
-1730
-1508
-1294
-1095
-894
-691
-491
-296
-109
66
214
343
464
579
677
756
819
867
913
965
1018
1054
1067
1065
1051
1029
1014
997
972
955
931
898
857
824
801
780
777
772
758
737
712
698
676
635
580
513
440
374
315
280
252
207
161
122
103
98
113
159
220
289
384
490
602
724
856
1004
1166
1337
1506
1700
1919
2136
2331
2504
2664
2827
2967
3070
3150
3196
3214
3189
3114
3006
2885
2731
2533
2304
2051
1770
1452
1102
749
406
69
-274
-616
-945
-1249
-1533
-1799
-2025
-2202
-2350
-2486
-2604
-2692
-2755
-2812
-2870
-2919
-2954
-2976
-2991
-2996
-2999
-3002
-3010
-3028
-3053
-3086
-3107
-3103
-3076
-3025
-2973
-2910
-2824
-2715
-2575
-2419
-2252
-2054
-1837
-1601
-1348
-1092
-830
-572
-326
-94
120
316
490
641
768
877
970
1032
1076
1111
1126
1112
1073
1020
963
905
831
754
694
645
599
565
538
513
493
464
439
417
397
383
366
352
336
320
301
280
253
214
185
166
157
151
158
186
237
324
429
541
665
793
937
1101
1291
1488
1695
1905
2114
2328
2538
2750
2970
3157
3304
3436
3547
3629
3689
3728
3737
3721
3667
3566
3441
3299
3125
2919
2680
2411
2125
1830
1513
1184
852
497
127
-253
-623
-973
-1318
-1664
-1993
-2289
-2560
-2816
-3058
-3279
-3484
-3667
-3811
-3933
-4035
-4098
-4133
-4145
-4126
-4110
-4105
-4093
-4059
-3986
-3893
-3788
-3676
-3568
-3454
-3320
-3169
-3005
-2833
-2665
-2494
-2299
-2080
-1835
-1593
-1359
-1115
-889
-676
-472
-272
-70
109
265
421
581
728
855
956
1053
1145
1205
1246
1274
1292
1325
1352
1358
1344
1308
1264
1241
1235
1229
1190
1126
1089
1098
1123
1115
1059
997
939
897
897
917
918
856
735
663
666
678
635
536
476
511
595
670
697
668
685
857
1207
1623
1832
1769
1669
1866
2449
3041
3293
3200
3074
3202
3515
3829
3999
3957
3696
3345
3167
3255
3419
3322
2853
2313
1964
1759
1477
1068
701
445
187
-192
-612
-928
-1123
-1306
-1512
-1710
-1967
-2350
-2712
-2808
-2665
-2622
-2958
-3469
-3745
-3652
-3471
-3507
-3724
-3961
-4089
-4092
-4025
-3963
-4003
-4126
-4183
-4070
-3865
-3736
-3702
-3611
-3364
-3069
-2875
-2756
-2579
-2296
-1964
-1655
-1423
-1261
-1111
-887
-552
-209
13
95
159
298
481
616
672
706
760
828
901
978
1046
1110
1157
1178
1191
1191
1191
1196
1223
1282
1321
1271
1156
1091
1135
1232
1284
1255
1169
1071
1016
1058
1196
1329
1349
1241
1099
1028
1062
1147
1205
1186
1060
870
777
927
1139
1165
993
846
962
1282
1608
1752
1646
1523
1701
2191
2730
2989
2849
2552
2559
3039
3660
3924
3693
3305
3156
3327
3593
3658
3416
2969
2495
2166
2010
1873
1556
1064
593
246
-81
-514
-1015
-1398
-1599
-1733
-1970
-2346
-2738
-3015
-3112
-3110
-3173
-3382
-3686
-3907
-3903
-3755
-3684
-3840
-4144
-4346
-4304
-4116
-3975
-3977
-4073
-4123
-4032
-3851
-3689
-3605
-3566
-3505
-3387
-3239
-3100
-2959
-2789
-2577
-2362
-2155
-1923
-1658
-1374
-1103
-854
-595
-325
-64
204
512
848
1136
1298
1366
1437
1578
1742
1834
1816
1722
1634
1600
1623
1650
1606
1490
1372
1331
1388
1469
1504
1480
1429
1415
1438
1473
1483
1441
1370
1311
1315
1369
1414
1375
1232
1055
913
846
851
876
868
786
664
548
511
637
907
1215
1439
1537
1619
1846
2266
2755
3096
3184
3136
3183
3472
3899
4224
4285
4084
3812
3672
3695
3749
3681
3435
3076
2730
2438
2158
1832
1448
1069
716
334
-115
-600
-1022
-1332
-1562
-1810
-2133
-2506
-2839
-3065
-3205
-3349
-3577
-3849
-4063
-4178
-4235
-4298
-4416
-4567
-4666
-4693
-4693
-4681
-4692
-4718
-4698
-4616
-4496
-4356
-4216
-4079
-3938
-3805
-3698
-3609
-3510
-3346
-3124
-2887
-2664
-2464
-2240
-1939
-1538
-1093
-673
-303
38
407
799
1177
1498
1723
1866
1977
2068
2142
2186
2199
2183
2175
2190
2191
2174
2132
2085
2050
2003
1945
1880
1813
1746
1661
1576
1496
1439
1408
1377
1336
1285
1234
1186
1136
1053
934
777
600
455
367
331
302
282
261
241
285
409
602
825
1010
1163
1331
1544
1817
2117
2424
2735
3007
3198
3324
3460
3657
3848
3970
4009
3978
3919
3862
3790
3695
3580
3382
3092
2787
2518
2303
2087
1770
1367
941
522
128
-253
-609
-926
-1254
-1650
-2064
-2447
-2776
-3051
-3318
-3610
-3902
-4154
-4373
-4544
-4654
-4747
-4861
-4968
-5045
-5067
-5032
-4995
-4946
-4885
-4808
-4704
-4575
-4418
-4254
-4102
-3954
-3796
-3615
-3423
-3223
-3015
-2784
-2527
-2271
-2009
-1724
-1445
-1170
-910
-658
-393
-152
90
332
565
799
1013
1209
1389
1565
1727
1884
2022
2115
2177
2228
2257
2259
2252
2215
2144
2071
2008
1926
1844
1771
1701
1647
1601
1552
1511
1475
1442
1413
1377
1330
1290
1250
1195
1128
1047
970
905
833
757
673
597
536
463
411
406
449
567
719
830
911
1033
1238
1526
1865
2208
2512
2731
2862
3023
3303
3675
3985
4082
4037
3999
4024
4067
4056
3989
3845
3566
3182
2838
2626
2483
2221
1786
1299
851
442
48
-321
-657
-1014
-1482
-1996
-2416
-2697
-2911
-3159
-3477
-3810
-4112
-4373
-4562
-4689
-4797
-4913
-5047
-5178
-5260
-5288
-5309
-5335
-5350
-5332
-5266
-5167
-5046
-4911
-4768
-4606
-4408
-4181
-3931
-3680
-3427
-3129
-2807
-2490
-2191
-1888
-1585
-1275
-932
-580
-248
52
329
579
823
1069
1288
1485
1676
1844
1979
2084
2155
2207
2249
2283
2319
2350
2364
2359
2343
2323
2295
2256
2205
2136
2054
1984
1912
1824
1732
1638
1532
1425
1327
1233
1150
1066
970
872
759
651
557
458
378
326
294
306
315
289
266
278
392
610
831
975
1049
1146
1366
1744
2219
2630
2871
2960
3005
3196
3588
4043
4354
4426
4337
4235
4253
4377
4500
4500
4295
3948
3562
3234
2993
2766
2456
2027
1533
1032
552
101
-330
-766
-1211
-1696
-2226
-2718
-3123
-3474
-3804
-4133
-4486
-4840
-5160
-5414
-5585
-5687
-5759
-5829
-5881
-5894
-5873
-5829
-5755
-5661
-5560
-5432
-5288
-5112
-4898
-4664
-4434
-4218
-4009
-3781
-3516
-3227
-2937
-2672
-2437
-2194
-1885
-1540
-1198
-868
-583
-289
43
394
758
1088
1376
1628
1854
2082
2297
2482
2640
2759
2854
2935
2968
2944
2881
2799
2716
2649
2578
2469
2340
2202
2060
1922
1783
1643
1491
1321
1138
980
876
803
730
631
510
397
312
261
230
178
104
53
82
170
273
352
393
398
390
453
620
867
1115
1295
1463
1717
2100
2562
3001
3334
3540
3710
3942
4289
4701
5042
5229
5309
5357
5392
5400
5317
5114
4790
4377
3941
3537
3174
2798
2357
1844
1297
702
79
-503
-1034
-1516
-1975
-2441
-2878
-3233
-3523
-3799
-4085
-4398
-4745
-5103
-5434
-5692
-5869
-5987
-6066
-6120
-6155
-6173
-6170
-6154
-6114
-6050
-5962
-5854
-5718
-5525
-5289
-5040
-4802
-4580
-4363
-4150
-3939
-3699
-3392
-3021
-2620
-2204
-1784
-1368
-962
-561
-155
248
641
1002
1328
1639
1919
2175
2406
2582
2686
2710
2676
2617
2552
2504
2474
2435
2416
2434
2455
2474
2469
2413
2337
2252
2174
2109
2039
1976
1918
1870
1823
1756
1651
1501
1315
1107
899
712
554
425
328
245
188
167
154
142
135
128
149
215
308
444
648
915
1219
1524
1822
2135
2501
2890
3234
3456
3564
3673
3926
4376
4881
5241
5388
5417
5436
5473
5439
5252
4895
4454
4076
3810
3625
3400
3041
2546
1978
1395
784
119
-586
-1265
-1862
-2381
-2837
-3268
-3680
-4057
-4395
-4720
-5090
-5497
-5913
-6266
-6515
-6693
-6825
-6923
-6953
-6918
-6855
-6772
-6702
-6643
-6568
-6467
-6337
-6161
-5921
-5609
-5233
-4804
-4364
-3953
-3577
-3241
-2924
-2586
-2214
-1812
-1389
-959
-539
-140
241
583
881
1148
1379
1592
1818
2056
2291
2518
2695
2799
2854
2885
2922
2962
2973
2940
2878
2814
2757
2691
2572
2424
2299
2201
2125
2057
1990
1922
1849
1786
1720
1629
1485
1314
1176
1083
1003
882
732
578
445
366
306
235
133
30
-36
-60
-70
-85
-54
47
217
441
710
1017
1333
1630
1937
2311
2752
3170
3466
3693
3971
4371
4840
5220
5450
5579
5664
5723
5715
5612
5421
5116
4722
4309
3935
3572
3129
2556
1904
1257
641
29
-605
-1221
-1780
-2281
-2739
-3195
-3651
-4069
-4437
-4774
-5090
-5391
-5677
-5937
-6169
-6363
-6514
-6619
-6685
-6719
-6701
-6644
-6584
-6519
-6437
-6331
-6183
-5996
-5771
-5504
-5203
-4853
-4476
-4109
-3733
-3351
-2975
-2590
-2194
-1799
-1384
-965
-557
-156
218
565
869
1134
1382
1619
1835
2036
2227
2401
2558
2701
2811
2870
2896
2885
2828
2744
2640
2546
2474
2418
2359
2288
2202
2082
1949
1800
1618
1439
1270
1118
1005
914
849
801
739
659
549
399
228
76
-47
-131
-165
-163
-108
6
134
261
350
379
401
454
568
751
975
1225
1516
1860
2286
2778
3254
3643
3908
4107
4345
4653
4984
5275
5488
5644
5767
5856
5900
5864
5707
5409
5027
4628
4244
3866
3449
2993
2529
2051
1525
918
257
-387
-985
-1548
-2096
-2619
-3094
-3530
-3948
-4360
-4791
-5255
-5719
-6150
-6510
-6788
-7015
-7217
-7375
-7450
-7426
-7359
-7299
-7257
-7208
-7113
-6974
-6794
-6581
-6313
-5987
-5593
-5128
-4639
-4170
-3745
-3344
-2955
-2560
-2148
-1751
-1380
-1011
-634
-245
141
485
768
1011
1232
1454
1685
1921
2136
2318
2485
2638
2775
2887
2973
3026
3043
3047
3039
3018
2975
2914
2852
2800
2750
2670
2535
2358
2163
1978
1799
1612
1409
1192
972
775
612
474
333
174
26
-82
-143
-141
-84
-15
43
108
192
306
444
574
723
928
1205
1518
1823
2101
2355
2675
3101
3577
3979
4219
4356
4549
4872
5272
5601
5762
5796
5786
5808
5865
5860
5678
5310
4842
4406
4026
3649
3181
2598
2002
1439
906
344
-273
-909
-1528
-2096
-2641
-3176
-3695
-4197
-4673
-5109
-5497
-5852
-6201
-6547
-6876
-7141
-7319
-7439
-7539
-7618
-7650
-7593
-7470
-7345
-7220
-7069
-6870
-6632
-6353
-6047
-5723
-5394
-5065
-4716
-4306
-3824
-3328
-2864
-2424
-1972
-1499
-1018
-569
-192
166
528
894
1263
1606
1906
2183
2457
2717
2961
3157
3268
3325
3368
3428
3514
3568
3561
3487
3344
3162
2969
2792
2640
2509
2379
2232
2074
1928
1791
1619
1373
1101
840
628
509
443
418
430
432
407
362
283
181
87
12
-23
-27
-24
-18
40
135
232
395
632
900
1135
1293
1424
1670
2096
2629
3075
3308
3370
3449
3756
4278
4826
5213
5421
5568
5767
6039
6276
6344
6188
5852
5429
5019
4646
4238
3736
3166
2585
2006
1404
764
92
-593
-1291
-2019
-2767
-3471
-4078
-4579
-4983
-5355
-5739
-6141
-6511
-6804
-6985
-7075
-7177
-7305
-7430
-7493
-7426
-7260
-7052
-6856
-6690
-6535
-6359
-6127
-5858
-5583
-5317
-5064
-4782
-4435
-4034
-3617
-3242
-2875
-2460
-1988
-1503
-1090
-757
-402
15
463
869
1187
1489
1817
2135
2416
2662
2901
3108
3243
3304
3308
3291
3275
3238
3191
3158
3095
2975
2810
2594
2364
2147
1922
1721
1591
1504
1416
1309
1185
1048
912
802
687
590
515
376
238
88
-100
-171
-196
-342
-511
-757
-932
-643
-323
-279
-354
-576
-374
490
1277
1609
1473
1167
1547
2681
3858
4596
4533
4057
4077
4742
5687
6442
6594
6410
6348
6441
6688
6961
6947
6641
6181
5650
5173
4718
4150
3528
2965
2424
1858
1154
325
-452
-1130
-1733
-2369
-3084
-3795
-4433
-4871
-5099
-5303
-5512
-5785
-6191
-6501
-6738
-7042
-7295
-7612
-7896
-7950
-7985
-7978
-7840
-7656
-7349
-7040
-6884
-6669
-6402
-6195
-5968
-5836
-5644
-5113
-4429
-3682
-2961
-2519
-2114
-1466
-678
190
764
706
521
637
1014
1618
2053
2130
2231
2438
2725
3101
3338
3368
3223
2841
2452
2313
2391
2650
2957
3099
3048
2827
2491
2202
1962
1618
1171
673
220
-25
-24
194
547
808
795
556
251
-5
-308
-756
-1269
-1701
-1907
-1832
-1532
-1085
-697
-523
-462
-334
98
951
2037
3080
3921
4604
5418
6581
8015
9249
9643
8973
7707
6662
6380
6639
6770
6398
5701
5251
5425
6088
6703
6686
5839
4474
3183
2363
1937
1520
860
40
-587
-785
-659
-535
-718
-1348
-2271
-3245
-4098
-4752
-5278
-5722
-6067
-6258
-6298
-6253
-6186
-6217
-6409
-6716
-7111
-7516
-7822
-7999
-7982
-7682
-7094
-6279
-5470
-4882
-4531
-4400
-4325
-4172
-4037
-3978
-4060
-4147
-3949
-3433
-2700
-1983
-1502
-1170
-872
-542
-137
195
403
516
591
779
1065
1348
1551
1633
1649
1652
1589
1463
1333
1264
1263
1225
1115
985
881
825
777
699
572
342
42
-244
-396
-404
-474
-719
-1073
-1318
-1340
-1286
-1260
-1132
-738
-97
455
590
403
257
337
512
527
340
132
2
138
824
2297
4414
6482
7911
8802
9972
12042
14514
16143
16058
14640
13124
12336
12079
11546
10365
8918
7704
6840
6052
5153
4283
3549
2747
1431
-525
-2572
-3906
-4265
-4129
-4184
-4665
-5158
-5149
-4613
-4005
-3841
-4224
-4864
-5433
-5859
-6287
-6783
-7211
-7389
-7320
-7181
-7102
-7035
-6874
-6684
-6666
-6916
-7321
-7686
-7928
-8088
-8161
-7974
-7287
-6092
-4670
-3364
-2308
-1396
-580
-83
-168
-735
-1348
-1711
-1882
-2003
-1909
-1339
-322
763
1523
1924
2188
2419
2453
2119
1465
726
156
-179
-358
-391
-227
99
436
626
603
436
183
-104
-425
-784
-1067
-1183
-1096
-851
-592
-331
-53
167
279
227
17
-301
-715
-1144
-1399
-1321
-889
-301
222
656
1064
1497
1888
2117
2215
2226
2113
1815
1458
1439
2118
3472
5104
6604
7929
9379
11192
13323
15180
16242
16250
15427
14222
12795
11151
9379
7638
6375
5532
4548
3534
2658
2295
2369
1818
330
-1454
-2898
-3484
-3923
-4854
-5626
-5736
-5173
-4310
-3829
-3521
-2966
-2721
-2991
-3649
-4501
-4940
-5403
-6345
-7351
-8022
-8131
-7769
-7453
-7243
-6937
-6745
-6676
-6787
-7139
-7499
-7836
-8161
-8217
-8089
-7674
-6659
-5064
-3121
-1440
-527
-100
298
580
415
-370
-1417
-2048
-2181
-2182
-2229
-2070
-1342
-93
1141
1867
2086
2224
2385
2315
1729
804
101
-161
-234
-361
-461
-267
291
803
969
849
753
791
689
216
-350
-566
-385
-123
-112
-199
-23
345
584
559
310
86
-36
-209
-360
-340
-135
133
327
522
890
1340
1642
1704
1606
1584
1700
1923
2432
3412
4825
6422
7883
9273
11061
13289
15342
16345
16058
15150
14173
12955
11040
8581
6464
5242
4466
3383
2036
1318
1662
2273
2020
760
-543
-1123
-1460
-2493
-4103
-5238
-5294
-4776
-4598
-4795
-4620
-3811
-2903
-2540
-2773
-3190
-3664
-4495
-5784
-7111
-7921
-8089
-8010
-8006
-8102
-8091
-7737
-7080
-6403
-6013
-6096
-6488
-6825
-7042
-7276
-7495
-7330
-6324
-4521
-2628
-1281
-461
262
962
1200
647
-405
-1295
-1747
-2107
-2717
-3312
-3187
-2084
-605
436
921
1467
2374
3119
2994
2106
1199
688
252
-509
-1402
-1784
-1407
-688
-134
180
602
1258
1705
1564
1010
545
352
158
-339
-969
-1312
-1218
-842
-385
-4
263
489
735
970
1004
794
531
439
494
550
541
571
653
814
1105
1747
2922
4478
6023
7296
8505
10090
12235
14476
16004
16491
16246
15730
14902
13388
11217
9066
7473
6220
4629
2694
1248
929
1267
1238
383
-729
-1283
-1376
-1743
-2714
-3720
-4139
-4105
-4215
-4642
-4904
-4488
-3605
-2967
-2905
-3147
-3345
-3588
-4220
-5251
-6222
-6852
-7269
-7806
-8508
-8989
-8934
-8406
-7785
-7376
-7226
-7139
-6869
-6463
-6196
-6126
-6057
-5744
-5055
-4085
-2909
-1644
-460
410
818
792
524
198
-116
-477
-1041
-1762
-2394
-2637
-2327
-1617
-829
-159
376
878
1341
1697
1842
1728
1366
758
5
-708
-1199
-1396
-1328
-1105
-799
-433
-46
303
602
823
935
913
746
448
69
-370
-809
-1063
-1055
-802
-449
-79
269
607
924
1189
1380
1509
1608
1625
1530
1224
781
422
439
1069
2279
3778
5305
6870
8760
11308
14129
16399
17525
17633
17229
16400
14714
12092
9365
7338
5855
4095
1824
-40
-410
522
1369
1160
364
4
184
46
-1066
-2631
-3595
-3926
-4445
-5401
-6070
-5774
-4616
-3566
-3143
-2843
-2235
-1665
-1668
-2393
-3494
-4443
-5222
-6251
-7535
-8705
-9336
-9189
-8567
-7978
-7497
-6991
-6389
-5714
-5225
-5081
-5053
-4880
-4546
-4222
-4007
-3686
-2901
-1737
-712
-260
-267
-334
-243
-212
-556
-1321
-2164
-2727
-2935
-2913
-2727
-2333
-1639
-804
-156
256
668
1218
1655
1526
771
-140
-723
-1019
-1346
-1776
-1991
-1650
-994
-442
-29
471
1154
1789
2036
1883
1576
1242
810
261
-250
-585
-711
-785
-833
-667
-237
244
611
833
1099
1487
1732
1634
1268
924
992
1644
2705
3916
5198
6834
9218
12307
15354
17548
18656
19038
18879
17867
15667
12667
9782
7370
4841
1722
-1287
-2816
-2448
-1343
-910
-1235
-1204
-262
818
955
144
-778
-1383
-2121
-3402
-4762
-5400
-5223
-4811
-4588
-4276
-3428
-2153
-1056
-627
-853
-1423
-2186
-3269
-4799
-6634
-8269
-9264
-9680
-9956
-10252
-10170
-9330
-7942
-6661
-5843
-5201
-4365
-3432
-2762
-2421
-2102
-1594
-1113
-989
-1291
-1776
-2125
-2197
-2125
-2144
-2353
-2673
-2892
-2928
-2788
-2483
-2066
-1709
-1504
-1368
-1179
-811
-295
201
449
325
-7
-250
-290
-326
-525
-731
-730
-572
-413
-269
40
566
1114
1463
1592
1666
1748
1705
1400
969
621
391
130
-231
-477
-477
-368
-258
-95
276
783
1088
1129
1171
1470
2098
2945
3907
4967
6228
7887
10108
12688
15109
16928
18049
18610
18574
17651
15711
13140
10497
7895
4943
1600
-1347
-2929
-3089
-2899
-3249
-3777
-3512
-2254
-921
-447
-706
-911
-886
-1314
-2581
-4040
-4750
-4655
-4514
-4765
-5003
-4619
-3688
-2846
-2472
-2427
-2371
-2280
-2552
-3417
-4679
-5889
-6764
-7418
-8097
-8805
-9229
-9030
-8228
-7208
-6282
-5410
-4384
-3258
-2347
-1739
-1126
-209
824
1372
1161
613
258
102
-290
-1111
-2003
-2565
-2843
-3125
-3442
-3482
-3031
-2301
-1728
-1539
-1534
-1334
-857
-456
-475
-895
-1338
-1538
-1650
-1832
-2053
-2085
-1802
-1376
-1033
-789
-427
130
702
1059
1198
1329
1568
1709
1516
1030
506
148
-77
-296
-545
-693
-667
-541
-394
-230
56
473
884
1221
1633
2322
3314
4502
5794
7219
8949
11150
13638
15846
17216
17740
17858
17714
16873
15048
12660
10349
8095
5287
1880
-1147
-2727
-3027
-3252
-4099
-4845
-4445
-3007
-1684
-1245
-1209
-903
-533
-773
-1719
-2690
-3163
-3418
-3923
-4639
-5030
-4633
-3718
-2900
-2426
-2146
-1817
-1501
-1534
-2128
-3106
-4107
-4941
-5746
-6704
-7716
-8419
-8541
-8195
-7701
-7130
-6305
-5133
-3843
-2757
-1902
-972
190
1290
1851
1677
1105
598
245
-271
-1136
-2129
-2945
-3505
-3944
-4258
-4283
-3933
-3344
-2786
-2389
-2041
-1595
-1130
-871
-975
-1314
-1584
-1765
-2056
-2507
-2887
-2901
-2589
-2244
-1979
-1629
-989
-155
525
893
1126
1431
1735
1797
1577
1298
1108
885
486
-10
-269
-158
80
215
209
286
611
979
1186
1354
1804
2822
4209
5424
6431
7680
9638
12307
14851
16557
17488
17995
18342
18120
16749
14588
12330
10299
8091
4979
1467
-1156
-2366
-2754
-3590
-5035
-5809
-5229
-3882
-2914
-2710
-2402
-1587
-956
-1167
-2053
-2687
-2709
-2862
-3570
-4498
-4986
-4665
-4065
-3666
-3406
-3137
-2659
-2171
-2091
-2408
-2989
-3566
-4021
-4760
-5826
-6876
-7552
-7640
-7542
-7545
-7400
-6825
-5664
-4223
-2888
-1531
-3
1597
2859
3322
3121
2672
2110
1306
70
-1411
-2744
-3826
-4619
-5118
-5294
-5050
-4521
-3837
-3082
-2477
-2000
-1530
-1116
-892
-1101
-1609
-2045
-2366
-2646
-3001
-3317
-3315
-3085
-2810
-2511
-2090
-1401
-610
48
620
1194
1770
2128
2061
1795
1657
1672
1572
1151
625
411
541
788
1004
1253
1693
2165
2386
2314
2237
2601
3520
4617
5457
6093
7111
9026
11579
13940
15555
16526
17246
17706
17450
16281
14507
12636
10688
8129
4777
1317
-1201
-2465
-3286
-4509
-5909
-6498
-5798
-4546
-3735
-3399
-2873
-1962
-1310
-1470
-2083
-2411
-2453
-2867
-3905
-4972
-5327
-5029
-4750
-4803
-4860
-4520
-3856
-3297
-3063
-2987
-2903
-2881
-3091
-3620
-4368
-5157
-5835
-6333
-6740
-7115
-7308
-7075
-6356
-5304
-4016
-2443
-601
1207
2583
3416
3861
4026
3822
3095
1897
457
-1032
-2473
-3798
-4788
-5196
-5026
-4577
-4138
-3698
-3069
-2207
-1341
-751
-535
-634
-965
-1430
-1972
-2578
-3174
-3602
-3785
-3797
-3729
-3524
-3059
-2361
-1612
-860
33
1055
1884
2227
2162
2045
2063
2032
1707
1165
698
472
373
253
226
499
1068
1639
1949
2082
2362
3040
4081
5174
6070
6935
8187
10102
12400
14412
15804
16677
17230
17459
17063
15980
14487
12758
10643
7826
4476
1376
-786
-2098
-3282
-4756
-6178
-6771
-6324
-5445
-4763
-4389
-3847
-3072
-2514
-2342
-2461
-2537
-2622
-3168
-4024
-4763
-5110
-5166
-5366
-5611
-5558
-5158
-4564
-4107
-3790
-3435
-3133
-2966
-3027
-3285
-3650
-4174
-4828
-5456
-5926
-6250
-6395
-6336
-6014
-5245
-4101
-2516
-566
1266
2865
4010
4681
5052
4811
4094
3036
1630
161
-1554
-3272
-4462
-5058
-5080
-4981
-4874
-4420
-3602
-2548
-1609
-933
-488
-296
-326
-647
-1162
-1733
-2368
-3016
-3613
-4092
-4292
-4172
-3846
-3392
-2778
-1936
-884
177
1041
1629
1965
2153
2208
2116
1865
1470
998
494
13
-354
-511
-453
-293
-140
75
538
1385
2612
4056
5494
6913
8516
10542
12935
15176
16824
17848
18475
18763
18394
17205
15532
13745
11704
8967
5550
2299
63
-1329
-2734
-4599
-6310
-6961
-6567
-5885
-5423
-5002
-4257
-3415
-2986
-2996
-3044
-2901
-2859
-3292
-4023
-4578
-4782
-4849
-5037
-5208
-5043
-4610
-4199
-3934
-3794
-3581
-3283
-3129
-3126
-3275
-3592
-4003
-4548
-5122
-5551
-5863
-6019
-5996
-5768
-5179
-4181
-2751
-1013
723
2257
3469
4342
4859
4957
4660
3967
2859
1452
-94
-1548
-2708
-3559
-4113
-4450
-4640
-4607
-4292
-3661
-2823
-2012
-1417
-1143
-1128
-1244
-1493
-1921
-2499
-3107
-3642
-4115
-4528
-4733
-4604
-4191
-3601
-2912
-2123
-1223
-354
321
815
1226
1587
1809
1772
1508
1198
947
688
396
162
104
242
460
659
907
1405
2325
3628
4999
6200
7363
8888
10969
13300
15363
16876
17874
18422
18423
17760
16568
15110
13432
11270
8410
5181
2364
386
-1063
-2594
-4365
-5803
-6327
-6018
-5458
-5060
-4695
-4059
-3256
-2686
-2532
-2619
-2703
-2904
-3460
-4285
-5028
-5413
-5572
-5797
-6068
-6104
-5735
-5095
-4472
-4034
-3718
-3427
-3173
-3053
-3162
-3467
-3903
-4408
-4910
-5414
-5884
-6219
-6291
-6071
-5695
-5170
-4273
-2807
-906
962
2433
3525
4426
5111
5321
4940
4114
3040
1799
394
-1074
-2345
-3188
-3647
-3917
-4115
-4149
-3810
-3023
-2036
-1232
-804
-708
-755
-838
-1055
-1489
-2050
-2616
-3145
-3647
-4079
-4262
-4089
-3683
-3216
-2714
-2090
-1310
-518
86
430
632
839
1057
1208
1231
1153
1003
787
551
352
241
203
227
340
597
1071
1875
3088
4611
6241
7907
9808
12111
14556
16590
17862
18484
18737
18590
17795
16324
14453
12363
9911
6922
3776
1248
-472
-1868
-3541
-5374
-6464
-6397
-5711
-5126
-4823
-4434
-3724
-2988
-2552
-2374
-2325
-2483
-3029
-3876
-4707
-5342
-5854
-6337
-6682
-6720
-6493
-6138
-5686
-5121
-4516
-4013
-3683
-3426
-3197
-3160
-3491
-4112
-4739
-5227
-5665
-6121
-6459
-6456
-6101
-5593
-4958
-3945
-2344
-327
1591
3058
4146
5033
5709
5941
5571
4739
3702
2590
1318
-176
-1662
-2723
-3189
-3386
-3706
-4056
-3932
-3131
-2098
-1405
-1123
-892
-542
-317
-479
-977
-1551
-2085
-2641
-3238
-3716
-3891
-3799
-3586
-3330
-2938
-2303
-1501
-715
-58
493
1002
1445
1743
1820
1660
1342
969
621
291
-59
-388
-622
-718
-654
-401
199
1296
2778
4367
5876
7503
9576
12053
14469
16357
17569
18216
18392
18052
17166
15802
14043
11825
9048
5850
2784
479
-995
-2229
-3777
-5400
-6258
-5919
-4890
-4009
-3545
-3128
-2460
-1748
-1355
-1335
-1528
-1896
-2577
-3572
-4611
-5446
-6061
-6557
-6932
-7052
-6878
-6508
-6039
-5474
-4823
-4196
-3724
-3430
-3320
-3420
-3752
-4250
-4798
-5384
-6074
-6811
-7338
-7405
-7023
-6401
-5648
-4597
-3032
-1044
977
2710
4154
5410
6378
6792
6543
5838
4920
3826
2427
723
-1006
-2378
-3183
-3592
-3935
-4265
-4255
-3613
-2564
-1643
-1062
-597
-48
408
457
107
-356
-781
-1271
-1915
-2585
-3048
-3219
-3215
-3189
-3117
-2826
-2229
-1458
-750
-227
213
723
1284
1720
1871
1728
1393
979
523
29
-440
-804
-1051
-1236
-1343
-1134
-321
1128
2884
4590
6258
8260
10822
13557
15832
17335
18204
18574
18322
17392
15997
14373
12363
9637
6338
3195
890
-636
-2066
-3843
-5540
-6298
-5856
-4855
-4050
-3497
-2780
-1821
-1009
-643
-609
-720
-1063
-1839
-2969
-4117
-5073
-5871
-6592
-7158
-7402
-7270
-6865
-6295
-5614
-4890
-4188
-3554
-3027
-2689
-2681
-3018
-3543
-4131
-4807
-5661
-6607
-7327
-7601
-7447
-7040
-6481
-5626
-4294
-2514
-545
1317
2964
4451
5734
6599
6853
6532
5846
4918
3686
2108
353
-1260
-2471
-3276
-3866
-4297
-4400
-3966
-3070
-2084
-1276
-612
26
580
883
875
612
168
-433
-1146
-1873
-2466
-2847
-3069
-3227
-3334
-3286
-2972
-2417
-1729
-1039
-406
201
771
1249
1538
1560
1338
931
405
-184
-742
-1183
-1474
-1655
-1761
-1645
-1084
-22
1337
2778
4326
6229
8696
11493
14076
16051
17371
18182
18461
18083
17056
15538
13611
11165
8203
5112
2513
678
-742
-2319
-4062
-5270
-5344
-4530
-3639
-3072
-2504
-1593
-552
152
401
376
139
-472
-1502
-2678
-3729
-4663
-5608
-6479
-7023
-7144
-7016
-6802
-6410
-5708
-4791
-3961
-3428
-3168
-3076
-3166
-3518
-4112
-4860
-5672
-6500
-7262
-7821
-8071
-8016
-7689
-7079
-6114
-4765
-3097
-1183
845
2789
4399
5509
6138
6362
6212
5684
4789
3546
2037
380
-1231
-2533
-3407
-3958
-4360
-4623
-4507
-3831
-2784
-1706
-769
25
665
1094
1342
1435
1228
621
-173
-819
-1261
-1685
-2148
-2481
-2587
-2539
-2369
-1977
-1372
-761
-254
256
819
1261
1417
1313
1062
724
289
-233
-808
-1392
-1873
-2114
-2032
-1616
-897
131
1454
3069
5023
7349
9937
12484
14714
16448
17633
18236
18238
17694
16621
14946
12631
9860
6934
4113
1582
-471
-2051
-3427
-4729
-5603
-5538
-4655
-3668
-2946
-2211
-1190
-137
501
715
751
565
-128
-1303
-2559
-3591
-4528
-5574
-6600
-7228
-7289
-7097
-6956
-6747
-6171
-5299
-4539
-4082
-3777
-3520
-3499
-3922
-4622
-5314
-5970
-6718
-7509
-8070
-8230
-8089
-7776
-7238
-6344
-5090
-3555
-1762
304
2505
4515
6042
6981
7363
7248
6685
5767
4597
3213
1664
46
-1505
-2811
-3671
-4016
-4062
-4023
-3749
-2960
-1762
-611
249
954
1600
2049
2138
1900
1476
973
442
-117
-762
-1450
-1963
-2210
-2319
-2374
-2227
-1802
-1321
-956
-576
-10
617
1005
1080
976
769
456
34
-466
-1015
-1592
-2134
-2504
-2540
-2146
-1355
-312
854
2164
3782
5876
8407
11042
13369
15115
16227
16728
16672
16176
15310
13952
11896
9210
6312
3695
1605
-8
-1366
-2725
-4061
-4932
-4885
-4030
-2963
-2054
-1194
-217
745
1427
1752
1786
1498
793
-247
-1434
-2648
-3909
-5160
-6160
-6742
-6952
-6985
-6999
-6923
-6581
-5967
-5263
-4637
-4176
-3924
-3917
-4149
-4544
-5023
-5583
-6253
-6941
-7493
-7800
-7852
-7655
-7156
-6304
-5175
-3927
-2596
-1045
795
2727
4421
5657
6368
6567
6301
5674
4806
3721
2393
869
-685
-2061
-3061
-3569
-3643
-3459
-3128
-2532
-1520
-232
984
1895
2576
3179
3636
3755
3467
2892
2196
1438
593
-316
-1169
-1868
-2394
-2745
-2907
-2917
-2848
-2723
-2472
-2027
-1442
-893
-533
-372
-325
-323
-385
-587
-959
-1467
-2023
-2493
-2749
-2689
-2298
-1602
-611
636
2093
3757
5686
7926
10297
12444
14044
15019
15495
15566
15281
14634
13548
11933
9794
7338
4925
2874
1266
-108
-1484
-2791
-3599
-3550
-2805
-1842
-1018
-298
491
1302
1914
2168
2096
1771
1141
150
-1122
-2483
-3770
-4949
-6017
-6911
-7593
-8057
-8294
-8235
-7841
-7215
-6542
-5979
-5548
-5195
-4883
-4657
-4618
-4830
-5268
-5827
-6381
-6825
-7122
-7271
-7235
-6973
-6442
-5625
-4553
-3272
-1826
-330
1116
2473
3701
4711
5390
5673
5630
5354
4884
4231
3393
2417
1399
429
-383
-952
-1255
-1306
-1158
-808
-222
569
1458
2289
2947
3381
3547
3447
3145
2688
2041
1179
183
-799
-1672
-2419
-3048
-3550
-3881
-4013
-3951
-3710
-3357
-2956
-2531
-2084
-1621
-1200
-893
-755
-775
-888
-1037
-1206
-1413
-1676
-1959
-2159
-2145
-1822
-1197
-341
690
1891
3300
4978
6895
8932
10835
12362
13406
14010
14298
14330
14056
13329
12065
10344
8410
6540
4895
3497
2215
931
-289
-1191
-1530
-1331
-855
-387
-7
386
840
1282
1564
1571
1246
582
-347
-1427
-2588
-3813
-5091
-6320
-7346
-8105
-8654
-9034
-9197
-9077
-8684
-8125
-7511
-6912
-6355
-5872
-5492
-5214
-5063
-5079
-5263
-5576
-5933
-6266
-6505
-6603
-6530
-6291
-5878
-5243
-4382
-3319
-2107
-833
449
1715
2935
4039
4939
5566
5909
5998
5860
5528
5025
4378
3611
2785
2029
1455
1097
918
865
938
1144
1495
1960
2416
2738
2849
2773
2571
2262
1799
1129
295
-602
-1468
-2264
-2974
-3562
-4008
-4316
-4478
-4478
-4303
-3988
-3598
-3172
-2706
-2194
-1681
-1229
-878
-655
-543
-527
-606
-768
-968
-1156
-1324
-1442
-1428
-1207
-746
-71
803
1881
3177
4670
6295
7992
9692
11260
12556
13523
14187
14563
14557
14049
13060
11727
10165
8413
6599
4939
3507
2147
735
-496
-1197
-1345
-1287
-1301
-1237
-856
-314
13
-33
-264
-512
-952
-1801
-2962
-4120
-5171
-6267
-7484
-8610
-9369
-9768
-9979
-10042
-9861
-9412
-8813
-8189
-7536
-6844
-6190
-5688
-5358
-5134
-5043
-5157
-5432
-5726
-5953
-6148
-6338
-6414
-6225
-5767
-5148
-4398
-3444
-2237
-866
531
1941
3403
4857
6130
7088
7748
8194
8426
8366
7996
7395
6662
5826
4888
3932
3091
2446
1944
1516
1200
1077
1156
1338
1517
1631
1637
1526
1306
982
525
-88
-805
-1543
-2264
-2976
-3654
-4222
-4630
-4886
-5034
-5072
-4966
-4708
-4326
-3872
-3354
-2789
-2193
-1633
-1168
-829
-638
-606
-695
-873
-1137
-1448
-1746
-1931
-1936
-1747
-1325
-626
363
1569
2912
4450
6230
8161
10057
11783
13318
14562
15387
15784
15835
15555
14824
13559
11935
10180
8376
6501
4626
2923
1437
60
-1184
-2088
-2548
-2736
-2911
-3069
-3038
-2829
-2657
-2678
-2850
-3070
-3397
-3943
-4683
-5488
-6261
-7041
-7864
-8665
-9300
-9680
-9858
-9899
-9771
-9417
-8871
-8259
-7671
-7103
-6543
-6043
-5681
-5463
-5346
-5298
-5299
-5320
-5307
-5224
-5037
-4709
-4217
-3585
-2843
-1972
-943
224
1451
2691
3939
5190
6389
7456
8343
9008
9402
9488
9282
8834
8164
7262
6187
5035
3886
2785
1792
965
329
-146
-486
-657
-639
-501
-361
-280
-223
-181
-219
-404
-740
-1163
-1630
-2160
-2757
-3377
-3966
-4476
-4893
-5199
-5374
-5397
-5257
-4968
-4554
-4045
-3462
-2811
-2124
-1474
-877
-360
65
411
629
733
799
864
932
1002
1105
1318
1725
2286
2975
3815
4781
5850
7028
8318
9675
11014
12209
13168
13822
14155
14200
13953
13375
12405
11035
9352
7520
5628
3719
1895
226
-1302
-2703
-3886
-4733
-5225
-5464
-5582
-5611
-5501
-5277
-5020
-4804
-4648
-4576
-4677
-5011
-5541
-6185
-6872
-7580
-8299
-8965
-9503
-9867
-10060
-10077
-9867
-9420
-8780
-8020
-7197
-6337
-5480
-4701
-4032
-3468
-2990
-2600
-2305
-2083
-1889
-1704
-1531
-1357
-1131
-789
-324
245
914
1676
2510
3394
4320
5296
6301
7274
8113
8734
9080
9133
8925
8484
7814
6957
5965
4895
3767
2611
1521
576
-188
-800
-1279
-1566
-1632
-1553
-1459
-1388
-1321
-1239
-1190
-1261
-1466
-1774
-2144
-2599
-3157
-3746
-4284
-4732
-5090
-5335
-5419
-5310
-5029
-4599
-4016
-3312
-2539
-1737
-940
-170
542
1172
1727
2193
2534
2744
2852
2881
2820
2668
2482
2355
2341
2453
2688
3005
3397
3905
4546
5274
6020
6769
7600
8537
9463
10227
10732
10969
10964
10733
10230
9332
8061
6659
5300
3889
2213
378
-1223
-2440
-3571
-4877
-6089
-6766
-6946
-7100
-7458
-7720
-7577
-7207
-7024
-7061
-6975
-6633
-6328
-6329
-6492
-6519
-6403
-6395
-6560
-6684
-6603
-6389
-6192
-5997
-5664
-5145
-4525
-3910
-3315
-2695
-2048
-1433
-910
-489
-160
81
238
356
458
517
538
595
779
1074
1376
1670
2037
2509
3013
3485
3925
4383
4880
5364
5782
6090
6257
6276
6140
5828
5310
4591
3748
2849
1920
960
25
-796
-1463
-2023
-2497
-2830
-2970
-2960
-2918
-2897
-2835
-2691
-2543
-2505
-2547
-2558
-2524
-2540
-2662
-2771
-2755
-2667
-2629
-2616
-2457
-2119
-1740
-1424
-1057
-518
116
707
1226
1780
2390
2924
3304
3596
3865
4061
4104
4006
3862
3706
3478
3178
2865
2609
2379
2124
1880
1740
1745
1830
1948
2158
2566
3156
3812
4442
5053
5666
6164
6390
6345
6154
5879
5362
4483
3382
2248
1082
-247
-1680
-2956
-3973
-4926
-5945
-6781
-7123
-7075
-6975
-6899
-6612
-6018
-5364
-4883
-4480
-3935
-3305
-2876
-2733
-2674
-2569
-2532
-2703
-2977
-3146
-3165
-3182
-3286
-3353
-3236
-2938
-2565
-2152
-1646
-1031
-406
96
446
714
918
999
935
738
470
156
-197
-523
-794
-1004
-1182
-1270
-1167
-875
-531
-254
71
659
1478
2372
3276
4030
4585
4897
4877
4693
4485
4184
3548
2757
1981
1100
231
-482
-1006
-1610
-2177
-2704
-2757
-2137
-1177
747
744
-1183
-1287
-1097
-563
565
825
1000
946
627
323
-29
-237
-342
-347
-479
-431
15
309
558
1083
1591
2089
2575
2774
2859
2846
2835
2863
2553
2042
1521
1073
604
-155
-884
-1380
-1713
-1925
-2196
-2465
-2592
-2518
-2145
-1490
-754
-127
352
852
1499
2260
3027
3714
4435
5058
5217
4977
4666
4438
4149
3615
2909
2176
1395
503
-386
-1087
-1569
-2178
-3073
-3842
-4143
-4035
-3835
-3792
-3747
-3432
-2941
-2551
-2307
-1987
-1459
-995
-806
-730
-603
-446
-420
-557
-708
-803
-927
-1214
-1607
-1917
-2064
-2188
-2420
-2687
-2856
-2885
-2862
-2855
-2875
-2927
-2945
-2889
-2748
-2555
-2380
-2213
-2030
-1802
-1507
-1227
-989
-735
-343
192
699
1073
1311
1504
1775
2177
2716
3303
3801
4103
4189
4128
4039
3970
3877
3696
3374
2958
2526
2115
1724
1282
723
132
-252
-252
50
403
649
841
1099
1458
1833
2130
2316
2406
2412
2323
2114
1775
1347
862
322
-258
-817
-1298
-1690
-2038
-2362
-2601
-2693
-2694
-2712
-2754
-2714
-2533
-2325
-2241
-2273
-2277
-2151
-1961
-1822
-1789
-1832
-1911
-1969
-1927
-1781
-1639
-1589
-1590
-1497
-1231
-832
-393
46
513
1018
1559
2140
2794
3553
4350
5080
5698
6191
6517
6610
6523
6384
6213
5899
5334
4574
3764
2967
2142
1290
462
-308
-1018
-1645
-2117
-2394
-2539
-2605
-2589
-2482
-2306
-2122
-1968
-1825
-1710
-1691
-1804
-2035
-2332
-2665
-3004
-3326
-3628
-3936
-4281
-4629
-4892
-5024
-5028
-4926
-4736
-4488
-4204
-3902
-3587
-3263
-2944
-2628
-2302
-1961
-1619
-1304
-1043
-822
-605
-385
-151
108
414
776
1173
1601
2044
2494
2947
3411
3921
4476
5028
5514
5855
6034
6072
5997
5854
5658
5379
5002
4508
3910
3260
2613
2029
1509
1007
512
52
-350
-681
-933
-1100
-1192
-1229
-1257
-1318
-1425
-1603
-1848
-2115
-2375
-2622
-2862
-3092
-3286
-3431
-3523
-3561
-3531
-3415
-3217
-2959
-2668
-2364
-2051
-1730
-1407
-1097
-811
-558
-343
-182
-85
-40
-25
-23
-23
-16
20
89
191
320
466
625
804
996
1194
1386
1567
1756
1979
2255
2587
2972
3400
3871
4373
4890
5407
5892
6287
6530
6609
6535
6303
5901
5332
4616
3771
2804
1725
592
-527
-1608
-2635
-3548
-4296
-4882
-5314
-5601
-5717
-5665
-5502
-5254
-4929
-4533
-4102
-3689
-3320
-3015
-2778
-2617
-2537
-2522
-2557
-2626
-2718
-2824
-2913
-2958
-2955
-2904
-2799
-2633
-2408
-2135
-1817
-1458
-1081
-707
-347
-7
311
587
807
985
1123
1228
1294
1326
1355
1383
1403
1440
1507
1611
1756
1938
2158
2405
2665
2938
3239
3548
3823
4042
4171
4194
4094
3876
3549
3113
2588
1986
1329
644
-32
-643
-1165
-1591
-1913
-2131
-2246
-2247
-2152
-1997
-1795
-1566
-1336
-1120
-936
-797
-719
-699
-715
-752
-810
-890
-958
-994
-992
-960
-918
-856
-775
-675
-549
-395
-227
-50
128
286
418
511
552
538
453
327
181
33
-104
-212
-272
-284
-250
-172
-60
56
175
278
358
405
418
418
408
391
383
387
411
458
538
675
865
1076
1309
1567
1846
2129
2390
2637
2837
2936
2925
2803
2579
2244
1800
1288
737
159
-430
-1009
-1528
-1958
-2277
-2481
-2559
-2510
-2369
-2148
-1850
-1508
-1145
-780
-445
-160
70
222
285
259
156
-18
-248
-524
-834
-1135
-1421
-1681
-1901
-2083
-2213
-2295
-2318
-2279
-2185
-2053
-1920
-1780
-1642
-1525
-1432
-1364
-1313
-1274
-1246
-1215
-1178
-1127
-1055
-965
-847
-711
-544
-347
-146
58
280
534
818
1142
1498
1872
2249
2602
2912
3163
3335
3433
3447
3378
3232
3028
2787
2521
2231
1927
1621
1327
1043
775
550
378
257
188
175
211
269
322
346
332
291
221
111
-31
-191
-355
-528
-710
-887
-1041
-1174
-1289
-1381
-1438
-1455
-1453
-1432
-1399
-1362
-1340
-1335
-1343
-1349
-1346
-1347
-1338
-1317
-1291
-1270
-1249
-1220
-1175
-1112
-1043
-961
-864
-744
-607
-461
-299
-119
76
270
447
608
757
888
1001
1106
1198
1268
1343
1437
1545
1674
1827
2004
2216
2451
2687
2907
3114
3294
3441
3528
3531
3457
3301
3057
2720
2301
1819
1280
699
96
-487
-1011
-1474
-1870
-2184
-2419
-2574
-2651
-2656
-2620
-2564
-2493
-2422
-2362
-2314
-2289
-2276
-2276
-2294
-2335
-2392
-2451
-2503
-2540
-2556
-2559
-2543
-2500
-2452
-2375
-2261
-2131
-1945
-1723
-1490
-1233
-967
-724
-493
-259
-48
144
325
490
643
783
916
1051
1188
1330
1478
1637
1799
1965
2150
2339
2515
2684
2855
3024
3176
3299
3389
3432
3408
3318
3176
2972
2705
2373
1997
1595
1164
714
268
-152
-539
-892
-1186
-1416
-1598
-1737
-1827
-1875
-1890
-1881
-1855
-1817
-1768
-1720
-1679
-1640
-1614
-1598
-1565
-1514
-1441
-1357
-1257
-1133
-997
-845
-692
-549
-391
-216
-32
150
326
496
645
752
820
848
843
813
769
712
648
590
560
548
544
561
594
625
645
657
663
655
628
578
517
454
371
277
173
72
-20
-124
-235
-338
-436
-518
-590
-637
-642
-602
-522
-394
-214
6
242
481
734
992
1232
1435
1571
1647
1641
1542
1352
1092
787
435
73
-266
-551
-774
-940
-1029
-1029
-963
-849
-698
-541
-381
-222
-69
74
179
225
214
167
86
-47
-222
-412
-600
-798
-1002
-1186
-1346
-1487
-1594
-1667
-1707
-1709
-1678
-1615
-1529
-1430
-1336
-1248
-1169
-1112
-1073
-1043
-1015
-984
-942
-870
-768
-630
-457
-258
-41
175
392
616
838
1041
1209
1357
1500
1617
1680
1703
1701
1674
1615
1511
1397
1292
1181
1073
982
915
876
856
865
899
940
970
989
992
964
901
820
728
626
521
398
257
116
-38
-205
-365
-516
-662
-776
-851
-900
-921
-922
-912
-897
-888
-887
-889
-902
-917
-935
-951
-981
-1026
-1055
-1068
-1061
-1029
-967
-877
-773
-652
-499
-320
-141
18
170
326
484
633
779
914
1048
1179
1303
1406
1466
1502
1517
1488
1420
1347
1255
1147
1041
959
880
788
687
612
549
479
408
331
240
138
13
-127
-278
-417
-545
-654
-741
-793
-810
-810
-789
-747
-696
-657
-625
-595
-586
-607
-652
-715
-782
-873
-997
-1115
-1207
-1285
-1350
-1374
-1347
-1313
-1250
-1146
-1020
-911
-798
-679
-565
-466
-386
-323
-275
-241
-219
-186
-137
-79
-8
79
186
304
418
522
610
698
775
843
905
964
1018
1065
1103
1142
1168
1172
1160
1148
1128
1077
998
912
818
728
657
596
551
509
463
406
338
269
192
117
41
-37
-130
-225
-313
-391
-447
-495
-542
-579
-609
-640
-673
-698
-714
-722
-717
-701
-665
-616
-561
-504
-446
-390
-329
-257
-183
-110
-34
29
92
157
214
267
310
337
348
354
360
365
380
403
424
454
476
490
507
532
560
575
571
565
553
532
498
460
413
356
289
211
131
53
-24
-112
-212
-305
-391
-474
-557
-629
-679
-718
-742
-739
-725
-714
-693
-651
-590
-522
-446
-371
-302
-246
-204
-177
-166
-170
-191
-215
-244
-278
-307
-315
-300
-269
-207
-140
-75
-12
63
143
215
289
364
428
470
497
511
495
464
444
421
382
332
289
249
201
153
127
103
75
45
15
-20
-63
-98
-124
-150
-168
-163
-147
-136
-136
-145
-157
-170
-169
-170
-176
-179
-176
-165
-157
-152
-147
-133
-113
-96
-70
-40
-25
-6
10
20
25
32
37
38
46
63
90
116
137
154
165
182
196
207
227
250
271
287
288
287
290
278
251
206
149
85
14
-59
-116
-150
-169
-160
-137
-114
-92
-74
-74
-81
-87
-106
-123
-127
-116
-96
-76
-56
-37
-19
-14
-10
-14
-24
-42
-79
-117
-144
-163
-166
-162
-144
-110
-78
-57
-44
-21
9
35
59
80
95
95
97
109
121
134
151
166
176
187
193
191
193
197
197
199
199
203
207
195
181
169
158
135
97
53
12
-33
-81
-127
-159
-177
-188
-201
-218
-238
-256
-274
-279
-275
-254
-232
-228
-238
-251
-255
-247
-227
-202
-180
-164
-149
-141
-138
-135
-125
-102
-64
-19
17
33
48
53
58
77
100
120
126
124
114
102
94
90
89
96
122
150
174
199
222
239
252
264
270
277
274
258
237
210
183
154
123
97
65
29
-5
-48
-103
-158
-203
-237
-264
-283
-290
-286
-274
-258
-238
-214
-198
-188
-172
-160
-147
-139
-129
-111
-85
-65
-50
-38
-27
-11
9
34
61
95
128
158
180
192
207
216
207
181
160
141
118
102
95
92
101
108
113
134
162
183
181
175
188
204
220
233
249
256
256
254
241
212
174
135
101
70
44
18
-4
-25
-48
-72
-98
-131
-166
-198
-225
-248
-268
-282
-289
-298
-307
-306
-300
-293
-288
-283
-277
-275
-272
-259
-233
-198
-163
-139
-125
-117
-123
-126
-112
-81
-44
-9
9
9
12
19
31
47
64
89
115
130
122
100
86
90
110
137
159
183
201
205
201
184
164
152
148
149
141
115
83
42
-2
-49
-82
-97
-101
-97
-84
-85
-116
-146
-156
-142
-113
-90
-76
-66
-60
-54
-41
-22
-10
-9
-12
-13
-14
-16
-20
-21
-21
-13
-8
-7
0
8
20
39
64
96
120
131
147
161
163
160
158
163
175
178
167
149
129
115
119
122
104
87
69
59
59
62
67
63
47
32
22
16
3
-17
-31
-39
-50
-61
-69
-71
-74
-85
-99
-111
-119
-118
-119
-125
-130
-135
-133
-128
-119
-108
-98
-86
-77
-70
-59
-59
-62
-62
-70
-68
-59
-45
-19
6
29
39
39
47
50
47
39
32
32
38
49
57
62
66
65
65
64
57
43
24
8
2
3
4
2
-9
-24
-41
-47
-43
-33
-29
-27
-30
-34
-29
-22
-23
-31
-39
-48
-47
-45
-48
-42
-33
-26
-29
-38
-48
-48
-39
-29
-6
17
34
41
44
49
45
34
26
20
25
37
52
60
63
70
75
82
89
102
116
118
114
123
138
148
153
155
147
128
111
96
84
67
40
13
-20
-38
-34
-29
-35
-46
-52
-63
-87
-106
-108
-102
-99
-96
-86
-73
-78
-85
-89
-95
-100
-108
-107
-106
-117
-132
-137
-137
-139
-134
-126
-110
-94
-79
-67
-53
-36
-25
-5
13
32
51
63
76
94
114
132
144
147
145
148
149
148
143
144
143
134
114
96
82
58
37
21
5
-9
-21
-30
-40
-52
-59
-65
-67
-60
-56
-50
-43
-43
-48
-50
-57
-71
-78
-86
-90
-85
-90
-98
-98
-106
-111
-103
-87
-70
-63
-56
-47
-33
-17
-4
8
22
34
46
57
64
70
74
83
99
111
107
91
79
74
70
73
81
87
91
85
68
52
43
39
42
48
47
42
31
21
22
11
-4
-11
-10
-4
3
19
30
32
29
19
4
-12
-23
-32
-37
-45
-48
-60
-77
-87
-90
-89
-90
-86
-85
-88
-95
-104
-96
-87
-87
-82
-75
-59
-47
-47
-40
-24
-9
10
34
39
32
39
56
68
75
72
70
74
79
86
92
96
88
76
67
55
54
59
62
63
59
54
36
17
10
4
-4
-4
-10
-20
-34
-57
-76
-85
-84
-88
-100
-123
-146
-163
-163
-147
-140
-133
-107
-85
-82
-79
-75
-68
-49
-20
6
20
54
82
85
77
67
61
61
68
71
81
92
96
98
95
95
98
94
88
83
68
56
67
68
62
59
53
36
14
-11
-22
-17
-2
21
43
61
79
92
94
91
77
49
24
8
-5
-10
-15
-29
-41
-46
-51
-69
-92
-115
-124
-122
-129
-135
-127
-104
-74
-42
-17
-12
-15
-21
-33
-34
-32
-34
-26
-16
-18
-21
-12
2
7
3
-4
-12
-18
-13
-9
-5
5
9
10
24
40
51
46
39
39
40
45
53
63
64
56
49
39
31
15
0
-5
-9
-16
-22
-24
-19
-12
-12
-19
-25
-36
-50
-60
-72
-75
-72
-73
-77
-70
-55
-45
-39
-29
-12
-4
5
12
15
25
29
25
20
13
16
23
33
41
38
29
24
26
31
33
33
40
60
87
103
102
100
98
91
81
76
72
64
53
33
10
-14
-23
-18
-12
-15
-22
-28
-35
-36
-36
-28
-16
-10
3
16
16
18
19
18
15
-3
-31
-50
-54
-49
-48
-63
-76
-85
-92
-95
-91
-76
-52
-39
-31
-18
-1
20
27
37
53
53
35
5
-9
-3
9
26
45
56
54
47
31
16
16
17
20
23
18
9
5
-3
-6
-6
-23
-45
-63
-70
-63
-51
-36
-21
-2
4
-9
-24
-33
-37
-36
-32
-23
-12
-5
-7
-9
-18
-37
-50
-63
-70
-77
-90
-98
-86
-69
-62
-60
-62
-60
-45
-25
3
27
47
67
81
96
112
116
110
103
94
85
79
75
82
91
93
86
78
69
60
47
32
27
12
6
8
7
15
20
26
27
26
25
26
31
35
41
44
36
27
19
10
10
15
14
10
0
-27
-53
-62
-71
-73
-68
-63
-63
-67
-76
-94
-101
-100
-95
-80
-66
-51
-44
-37
-32
-24
-17
-14
-10
-4
-2
-9
-13
-12
-2
13
21
26
35
36
35
35
39
42
39
31
25
27
33
37
39
41
39
28
18
13
8
-1
-17
-26
-20
-14
-16
-18
-20
-15
-7
-12
-17
-9
-2
3
-2
-17
-39
-65
-82
-86
-89
-94
-100
-100
-92
-81
-70
-58
-47
-38
-26
-18
-16
-10
-4
7
18
32
48
67
74
69
63
56
51
56
66
70
65
56
48
50
54
62
70
76
79
75
67
56
38
21
20
30
38
34
23
10
-3
-10
-22
-32
-35
-32
-30
-37
-44
-44
-39
-41
-48
-50
-44
-35
-36
-45
-53
-53
-47
-35
-23
-19
-23
-28
-37
-35
-23
-13
8
29
37
33
30
25
22
26
27
22
3
-5
-6
-2
5
6
-4
-14
-19
-19
-20
-25
-24
-19
-11
-2
9
23
30
31
37
41
47
42
39
40
41
35
29
34
35
34
30
14
2
-12
-30
-47
-65
-76
-84
-97
-104
-100
-84
-62
-42
-29
-20
-11
1
15
26
30
23
18
18
22
28
37
45
48
44
31
17
5
-1
2
10
15
2
-9
-6
0
3
9
17
28
28
17
12
19
26
32
35
31
23
15
11
8
10
10
8
8
10
4
-3
-14
-29
-39
-42
-50
-62
-73
-84
-100
-109
-104
-98
-96
-96
-100
-103
-103
-101
-90
-77
-59
-36
-23
-19
-17
-8
13
28
43
62
78
87
94
104
118
132
145
154
160
156
137
118
103
88
86
95
106
116
115
102
86
74
59
38
23
13
14
19
22
27
34
32
24
21
18
5
-15
-32
-47
-58
-66
-76
-86
-96
-112
-123
-138
-156
-156
-146
-136
-126
-116
-101
-84
-81
-79
-73
-67
-57
-49
-33
-16
-8
-1
2
2
12
26
25
16
6
5
11
15
20
23
36
46
54
61
70
74
61
49
42
42
41
45
47
50
56
51
45
33
22
22
19
14
6
-1
0
2
6
4
-6
-15
-20
-27
-33
-40
-56
-71
-82
-96
-99
-95
-89
-83
-75
-53
-33
-14
-3
2
14
34
66
93
106
101
90
73
55
45
37
43
39
27
29
25
27
36
41
39
26
18
9
-2
-8
-7
-5
-6
-9
-5
10
25
41
50
50
46
25
5
-7
-13
-20
-22
-21
-14
-8
-7
-3
-6
-15
-28
-32
-32
-30
-22
-10
2
10
16
10
1
-18
-37
-51
-55
-48
-40
-24
-6
15
35
39
30
12
-12
-25
-21
-13
-9
-5
0
9
14
21
27
30
34
31
33
33
31
32
30
27
26
25
18
14
9
3
0
-9
-20
-30
-37
-35
-29
-29
-40
-58
-79
-97
-104
-101
-89
-70
-61
-59
-58
-52
-35
-19
-8
-6
-7
-11
-13
-9
-2
4
18
29
36
32
15
-4
-20
-33
-39
-32
-16
-1
0
-5
-5
10
21
27
38
53
65
85
107
122
126
113
95
73
52
38
34
38
42
55
69
80
79
68
50
31
10
-8
-21
-24
-14
4
19
20
13
3
-12
-23
-33
-42
-47
-58
-63
-59
-51
-45
-36
-30
-28
-26
-34
-39
-44
-49
-50
-54
-43
-31
-19
-10
2
24
37
44
48
49
50
47
47
51
53
53
57
60
60
50
33
12
-9
-28
-48
-67
-83
-76
-65
-51
-32
-27
-27
-35
-47
-52
-41
-19
5
22
21
14
8
9
3
-20
-37
-44
-52
-59
-68
-83
-95
-94
-82
-77
-66
-49
-40
-31
-25
-20
-8
-5
-5
8
23
31
36
38
44
49
59
75
87
92
85
74
57
45
43
47
53
60
63
57
46
37
35
40
44
47
63
65
54
43
35
29
19
2
-6
-6
-3
7
17
22
10
-13
-31
-48
-58
-60
-54
-46
-42
-39
-42
-51
-60
-65
-65
-52
-35
-21
-12
-13
-9
-1
2
9
18
28
39
39
26
7
-4
-12
-29
-40
-31
-11
17
26
17
14
23
37
43
42
41
43
41
38
41
38
25
20
15
15
20
17
14
10
-2
-18
-24
-19
-10
-1
-5
-17
-31
-40
-47
-55
-62
-62
-59
-62
-68
-73
-72
-68
-69
-76
-83
-80
-71
-56
-40
-31
-21
-9
-13
-21
-20
-10
5
18
26
34
51
64
64
62
62
60
61
57
56
58
57
51
46
48
41
26
16
13
12
15
15
17
25
29
26
23
29
29
25
21
9
-2
-9
-7
4
26
45
48
34
18
10
0
-14
-26
-31
-29
-26
-22
-23
-23
-23
-24
-33
-47
-56
-56
-35
-19
-14
-7
7
15
14
8
1
-7
-11
-7
-1
7
21
29
21
2
-16
-39
-54
-52
-35
-12
9
24
28
32
33
31
30
31
39
45
34
27
30
29
29
26
29
38
34
21
5
-18
-45
-68
-79
-77
-59
-36
-19
-14
-15
-19
-36
-56
-64
-53
-41
-32
-15
-8
-10
-25
-47
-58
-65
-68
-70
-63
-55
-48
-41
-30
-14
-4
10
24
33
42
42
35
36
44
59
78
90
94
81
56
36
28
17
7
8
16
29
44
48
46
34
19
16
33
52
63
72
68
49
32
18
7
8
16
29
45
51
43
36
38
35
20
4
-6
-18
-38
-54
-64
-68
-62
-57
-51
-52
-53
-58
-58
-48
-35
-30
-18
-6
-5
-1
-6
-15
-20
-29
-41
-42
-39
-43
-57
-69
-76
-61
-39
-20
3
17
17
20
17
4
-8
-8
2
14
21
21
23
18
4
-6
-19
-36
-54
-66
-62
-52
-41
-24
-14
-11
-15
-25
-32
-28
-15
-1
7
13
21
17
14
14
8
-1
-9
-19
-27
-20
-7
12
30
43
56
61
58
54
60
74
83
90
107
114
118
117
115
114
115
108
94
90
84
75
60
44
33
24
14
6
-8
-20
-32
-48
-64
-80
-82
-75
-66
-55
-55
-59
-57
-54
-47
-29
-11
-8
-20
-38
-56
-73
-88
-100
-107
-105
-90
-70
-47
-25
-20
-24
-38
-49
-51
-57
-56
-49
-42
-29
-13
-10
-24
-33
-42
-56
-66
-68
-59
-47
-33
-12
16
42
48
42
40
53
75
90
92
91
91
90
90
85
71
57
37
25
18
8
2
2
12
21
19
16
16
-1
-24
-37
-39
-31
-20
-12
-11
-12
-16
-18
-24
-33
-25
-12
4
19
21
18
6
-8
-13
-22
-24
-17
-7
10
23
30
30
19
11
10
20
40
53
58
62
62
65
74
85
86
78
62
49
38
30
31
39
45
36
20
-5
-37
-61
-73
-65
-48
-33
-24
-20
-13
-13
-27
-41
-57
-76
-92
-97
-96
-98
-107
-105
-106
-108
-109
-103
-91
-81
-63
-49
-41
-32
-18
-4
13
31
50
64
72
73
74
74
72
69
58
46
39
29
16
3
9
22
34
36
35
31
25
20
19
22
21
22
29
33
31
23
10
-4
-14
-19
-17
-14
-7
8
29
35
27
19
21
28
39
49
45
27
4
-8
-15
-30
-47
-64
-66
-74
-87
-90
-86
-75
-63
-65
-77
-86
-94
-95
-93
-90
-83
-65
-34
-4
28
51
65
76
83
94
104
103
97
94
90
85
78
67
55
36
18
20
35
42
38
26
16
4
-14
-21
-19
-18
-18
-16
-15
-14
0
21
37
37
32
21
3
-11
-21
-27
-32
-30
-19
-10
-6
-13
-20
-20
-25
-34
-41
-33
-25
-24
-26
-24
-13
-10
-13
-14
-16
-19
-20
-18
-13
-7
-4
5
5
-6
-14
-18
-19
-25
-28
-25
-19
-18
-22
-25
-29
-25
1
29
50
61
70
74
59
34
11
-7
-14
-16
-12
-9
-13
-20
-25
-23
-21
-22
-19
-23
-33
-41
-47
-44
-34
-19
0
23
41
48
45
31
16
5
0
1
-1
1
10
15
14
12
5
1
-12
-25
-21
-8
2
15
25
40
60
65
63
58
44
33
23
18
17
18
23
31
28
23
23
28
22
4
-17
-29
-33
-31
-23
-9
-1
7
16
12
-1
-23
-44
-55
-48
-39
-33
-25
-12
1
4
2
-6
-14
-21
-31
-41
-51
-51
-43
-34
-28
-26
-23
-16
-15
-16
-9
4
15
16
19
25
34
42
48
45
36
28
23
25
24
21
28
31
25
22
21
20
17
13
5
-5
-22
-39
-44
-47
-47
-43
-40
-34
-27
-22
-14
-10
-14
-16
-10
-2
2
-2
-9
-11
-10
-14
-19
-21
-18
-17
-24
-31
-38
-40
-29
-13
5
27
32
20
8
6
14
26
36
47
65
87
87
73
64
63
58
48
42
37
37
34
41
56
65
58
48
48
47
43
35
26
16
8
6
10
19
22
16
2
-8
-14
-22
-39
-53
-54
-44
-34
-36
-40
-41
-36
-43
-54
-66
-77
-78
-79
-83
-92
-101
-104
-101
-89
-64
-34
-1
10
5
6
9
12
17
20
23
25
17
8
1
-5
1
11
13
10
10
18
26
30
35
46
69
82
78
66
54
46
33
19
16
10
4
-1
-13
-27
-41
-60
-77
-87
-91
-86
-75
-58
-36
-14
4
20
29
33
36
42
46
49
46
45
51
49
42
32
10
-7
-9
-1
9
10
11
24
33
42
51
55
60
65
61
52
43
39
45
50
52
50
47
41
28
8
1
5
17
21
18
19
19
15
-7
-32
-44
-40
-42
-42
-27
-9
-1
-17
-41
-49
-43
-46
-54
-56
-52
-40
-33
-40
-50
-61
-67
-73
-85
-91
-93
-92
-89
-83
-78
-81
-91
-91
-81
-61
-35
-14
-9
-15
-19
-15
0
17
28
39
47
59
76
88
94
84
63
52
41
35
38
39
38
28
26
34
38
34
25
15
9
1
-4
-3
-1
15
34
43
51
64
76
78
76
72
65
63
57
50
52
47
30
0
-21
-36
-49
-54
-59
-51
-37
-26
-12
-4
1
4
13
10
1
-5
-7
-3
-6
-11
-11
-10
-12
-28
-50
-68
-80
-76
-59
-50
-47
-37
-19
3
18
15
4
-1
-3
-4
1
11
23
30
22
11
-7
-21
-25
-22
-16
-21
-32
-22
-20
-36
-45
-42
-44
-47
-44
-37
-22
-10
-7
2
14
18
25
42
53
46
36
39
39
40
39
33
27
12
-4
-18
-27
-30
-34
-38
-25
-9
9
27
32
36
45
57
63
56
46
42
44
52
55
48
41
30
21
25
19
9
-3
-19
-34
-46
-65
-81
-79
-71
-57
-52
-58
-65
-66
-58
-35
-5
14
24
19
13
6
-9
-28
-31
-21
-10
0
4
-1
-4
-4
-10
-30
-55
-71
-76
-64
-42
-26
-13
-7
6
23
30
30
34
43
47
47
50
54
58
54
46
41
39
33
22
12
15
26
34
34
30
31
40
39
33
37
42
43
42
44
44
34
19
17
23
25
23
10
2
-10
-26
-46
-51
-45
-49
-56
-65
-84
-102
-105
-93
-70
-52
-46
-45
-43
-45
-52
-65
-73
-73
-66
-52
-29
-5
18
24
17
22
21
13
7
-2
-8
-5
11
29
43
54
56
55
50
35
14
-5
-20
-31
-28
-14
2
18
20
12
3
4
10
11
1
-6
1
25
56
78
89
87
79
67
49
27
11
4
-4
-17
-28
-32
-32
-28
-30
-37
-49
-64
-69
-61
-38
-23
-19
-12
-7
10
33
48
62
74
83
86
80
78
71
56
41
35
31
20
1
-13
-18
-22
-27
-33
-46
-56
-56
