SAMPLES:	13134
BITSPERSAMPLE:	16
CHANNELS:	1
SAMPLERATE:	16000
NORMALIZED:	FALSE
-117
-106
-97
-89
-84
-75
-60
-45
-35
-21
5
26
39
43
45
43
40
43
46
39
22
4
-10
-14
-15
-18
-24
-33
-30
-23
-21
-19
-18
-11
-1
5
11
15
27
41
46
40
29
25
24
23
26
26
27
29
36
47
44
36
25
9
-12
-29
-38
-39
-41
-41
-35
-28
-21
-15
-6
1
8
13
17
20
27
40
53
52
47
43
42
53
70
84
86
77
62
40
22
10
0
-15
-37
-54
-61
-61
-50
-40
-36
-24
-18
-30
-40
-49
-57
-61
-64
-64
-63
-66
-71
-71
-72
-62
-52
-54
-56
-52
-46
-45
-45
-46
-40
-25
3
34
58
68
70
66
57
49
37
27
26
24
15
9
18
28
38
45
40
35
28
15
2
-5
-10
-13
-6
10
22
27
30
27
23
17
12
16
24
29
27
24
22
20
26
26
9
-10
-27
-44
-55
-65
-60
-49
-43
-37
-31
-27
-27
-28
-27
-23
-15
-10
-1
2
5
9
13
20
22
26
30
33
33
33
33
28
20
18
19
23
19
7
-12
-32
-40
-37
-37
-47
-59
-60
-47
-31
-24
-21
-16
-12
-14
-24
-36
-39
-38
-31
-14
7
35
60
75
80
83
81
65
40
16
6
0
-3
-7
-15
-22
-23
-17
-10
-16
-36
-58
-76
-82
-81
-80
-74
-67
-56
-39
-19
2
26
47
58
58
54
49
43
30
13
9
4
-7
-13
-11
-9
-7
-4
-8
-14
-20
-26
-22
-7
5
14
22
27
29
29
33
38
39
36
34
40
43
45
49
44
32
15
-3
-5
-10
-22
-35
-37
-31
-21
-17
-21
-29
-42
-52
-59
-70
-82
-89
-88
-87
-85
-76
-74
-74
-72
-68
-52
-32
-19
-13
-10
-4
7
13
13
18
30
40
44
49
56
65
55
34
24
23
31
36
35
38
41
39
39
37
31
26
23
27
29
31
34
41
49
58
61
57
49
33
16
5
2
0
5
19
31
37
41
31
10
-16
-34
-43
-45
-43
-38
-30
-18
-18
-27
-41
-51
-47
-39
-26
-10
-1
-1
-5
-15
-29
-44
-59
-64
-59
-57
-55
-51
-50
-52
-57
-59
-55
-53
-52
-49
-41
-31
-21
-14
-18
-24
-24
-10
13
31
33
31
25
12
2
-15
-27
-33
-34
-31
-28
-21
-10
3
15
25
45
63
77
92
102
113
118
117
106
94
90
89
94
89
68
39
14
3
-2
-7
-12
-13
-17
-29
-36
-34
-22
-1
19
32
41
45
47
49
58
68
76
81
81
81
80
74
56
37
15
-20
-56
-85
-91
-84
-78
-77
-72
-62
-54
-52
-52
-58
-69
-73
-65
-46
-34
-25
-14
-6
-2
2
1
3
1
-6
-19
-29
-32
-34
-38
-41
-42
-38
-37
-40
-42
-39
-28
-8
7
11
10
7
8
13
16
16
16
14
18
23
33
47
58
66
74
81
86
89
87
82
78
79
68
50
29
14
7
-4
-9
-9
-5
2
6
6
4
8
-2
-21
-35
-42
-34
-19
-10
-2
-1
-8
-16
-17
-10
0
6
12
22
36
46
39
28
21
17
14
4
-18
-46
-61
-61
-61
-56
-49
-46
-44
-39
-27
-12
5
18
17
12
18
36
58
76
80
83
82
75
72
73
74
75
73
66
51
36
22
9
-8
-20
-23
-22
-23
-30
-33
-35
-39
-41
-44
-45
-50
-54
-52
-48
-41
-28
-9
8
12
8
8
9
8
5
6
12
19
27
33
31
24
13
3
-11
-30
-35
-28
-17
-3
10
18
21
10
-3
-12
-22
-31
-28
-13
1
10
15
17
11
-3
-17
-29
-31
-33
-34
-34
-33
-30
-34
-38
-42
-42
-33
-25
-17
-16
-19
-21
-21
-21
-27
-29
-24
-19
-15
-13
-1
18
34
46
53
46
35
25
28
47
74
98
109
112
110
101
87
62
33
5
-19
-40
-57
-66
-63
-48
-28
-8
6
5
-10
-31
-51
-63
-58
-42
-21
5
34
53
61
69
84
95
89
77
56
36
24
19
18
31
51
58
49
30
6
-10
-23
-31
-29
-22
-18
-23
-33
-40
-42
-44
-55
-67
-74
-83
-93
-99
-104
-106
-114
-122
-126
-125
-122
-119
-108
-93
-76
-64
-52
-33
-10
7
16
26
25
19
8
2
6
14
24
28
29
24
14
14
16
19
16
22
40
56
63
63
65
70
62
50
42
39
45
62
81
97
97
79
54
30
14
2
-1
6
11
5
-9
-27
-39
-33
-20
-13
-15
-20
-19
-14
-9
2
19
34
39
40
39
38
34
29
29
29
26
14
-3
-26
-42
-47
-52
-56
-57
-56
-60
-73
-85
-94
-98
-92
-84
-75
-65
-67
-74
-73
-65
-53
-44
-37
-32
-29
-30
-32
-30
-27
-21
-12
-5
-1
3
5
9
19
27
30
26
25
29
29
26
27
35
39
44
57
76
95
112
120
124
118
109
105
103
94
80
66
53
48
39
18
-11
-37
-54
-67
-74
-75
-76
-75
-65
-54
-39
-27
-25
-23
-26
-33
-37
-35
-34
-29
-18
-6
-5
-7
-5
2
16
26
31
28
12
-5
-21
-37
-51
-66
-65
-49
-35
-35
-42
-48
-55
-57
-50
-34
-18
-9
-4
0
2
1
-4
2
17
26
33
45
52
59
71
80
75
54
32
21
20
28
36
48
55
57
62
61
54
49
48
47
42
32
14
2
5
16
20
20
16
14
17
16
9
2
4
12
15
4
-17
-36
-52
-61
-61
-57
-54
-59
-65
-74
-80
-82
-88
-89
-81
-69
-59
-62
-67
-66
-50
-32
-25
-18
-12
-4
1
3
13
20
38
59
71
72
61
51
43
26
2
-16
-27
-29
-25
-21
-14
-15
-15
-11
-3
10
16
21
32
48
61
70
89
108
118
123
119
107
93
75
62
60
65
64
53
43
36
27
17
4
-8
-16
-21
-22
-21
-19
-20
-29
-42
-50
-50
-46
-42
-40
-42
-49
-47
-44
-39
-29
-13
2
4
-10
-23
-31
-34
-37
-37
-38
-40
-37
-32
-29
-27
-29
-34
-33
-29
-18
-8
-8
-5
3
15
28
33
34
33
39
46
46
41
34
29
24
18
9
-9
-27
-34
-30
-26
-27
-27
-31
-29
-16
-6
-8
-16
-20
-17
-14
-11
-6
-1
4
10
12
11
10
17
31
37
32
26
22
20
17
18
31
45
48
38
15
-5
-18
-22
-18
-12
-12
-16
-20
-21
-14
-7
-5
-1
7
14
14
10
11
20
34
54
67
71
72
67
58
54
50
43
39
31
22
16
10
9
1
-11
-24
-34
-41
-39
-29
-12
5
14
19
18
16
20
25
21
10
3
-1
-10
-28
-49
-52
-48
-54
-70
-91
-103
-106
-107
-114
-117
-112
-101
-83
-70
-69
-75
-82
-79
-66
-46
-24
-3
16
29
41
54
69
83
94
100
96
87
77
66
58
50
46
47
46
41
35
30
29
24
18
5
-8
-15
-15
-1
19
29
42
70
94
107
104
92
77
60
44
30
20
4
-16
-30
-44
-49
-60
-72
-75
-73
-73
-75
-80
-83
-81
-75
-67
-53
-31
-13
0
7
10
15
12
3
-8
-17
-26
-23
-18
-9
2
5
1
-1
-2
-5
-17
-26
-22
-21
-20
-11
3
4
-3
-8
-7
-11
-17
-18
-9
8
20
22
20
21
28
33
42
54
57
60
61
60
53
44
40
38
39
44
43
39
24
3
-19
-29
-28
-13
7
19
21
18
16
15
14
14
11
12
13
12
8
0
-9
-16
-22
-34
-41
-39
-36
-31
-26
-22
-30
-37
-43
-48
-50
-51
-57
-57
-45
-37
-40
-46
-47
-39
-32
-31
-26
-17
-14
-7
11
31
49
58
62
64
61
48
28
8
-13
-24
-23
-26
-28
-30
-34
-32
-34
-38
-39
-38
-34
-32
-29
-18
1
23
42
51
52
48
47
42
34
24
19
20
21
11
-4
-4
4
7
0
-10
-17
-19
-7
12
26
35
41
48
55
63
67
63
55
40
22
6
3
3
1
-4
-6
-1
0
-5
-14
-17
-16
-18
-19
-23
-32
-41
-46
-41
-31
-28
-31
-26
-16
-12
-11
-12
-8
0
2
-2
-9
-17
-23
-27
-28
-28
-32
-37
-41
-42
-46
-56
-58
-53
-45
-37
-30
-19
-14
-14
-13
-10
-7
0
4
2
4
12
19
22
17
9
8
7
1
-13
-24
-28
-27
-23
-20
-15
-13
-11
-7
2
6
12
19
30
42
48
52
60
67
73
80
84
80
68
60
53
43
36
27
18
16
15
16
19
19
16
13
11
-4
-13
-13
-14
-12
-13
-18
-21
-23
-29
-38
-49
-54
-49
-43
-39
-41
-47
-46
-41
-34
-25
-17
-11
-23
-43
-57
-61
-54
-44
-32
-19
-12
-13
-21
-25
-20
-5
7
10
5
-5
-10
-6
-3
5
16
17
7
0
0
-2
-11
-20
-17
-9
-3
-8
-20
-25
-29
-36
-42
-48
-51
-48
-46
-35
-12
6
18
28
38
50
63
75
86
92
102
122
139
148
156
154
143
133
121
102
83
68
56
40
21
6
2
7
7
10
10
-3
-22
-39
-53
-64
-73
-78
-84
-88
-91
-97
-96
-92
-94
-97
-91
-91
-98
-106
-109
-103
-96
-91
-79
-62
-53
-44
-40
-31
-14
-1
9
12
13
12
10
4
-7
-21
-29
-19
2
18
26
25
17
18
17
10
13
18
21
20
16
16
22
38
52
60
68
70
63
47
33
29
33
35
38
42
45
49
50
55
64
67
68
69
66
62
61
58
52
44
34
30
23
15
4
1
8
7
-9
-20
-25
-31
-37
-39
-36
-37
-40
-36
-34
-36
-40
-34
-24
-18
-22
-34
-40
-38
-37
-42
-51
-53
-54
-61
-79
-96
-101
-101
-97
-87
-82
-82
-84
-84
-85
-82
-74
-59
-44
-28
-10
6
29
46
59
79
92
94
96
101
104
95
84
75
73
74
76
85
99
106
96
71
41
19
3
1
7
10
11
16
21
17
17
28
33
26
17
17
27
39
42
40
37
30
27
28
28
21
-1
-18
-26
-32
-35
-40
-41
-42
-47
-53
-63
-73
-87
-104
-115
-119
-105
-87
-77
-65
-45
-32
-27
-29
-29
-29
-33
-32
-20
-5
10
16
17
22
25
23
17
5
-11
-18
-15
-12
-12
-5
6
15
25
42
59
64
63
58
52
43
35
34
30
32
38
40
38
30
15
1
-9
-14
-12
-5
4
14
29
40
52
63
67
62
51
43
41
34
27
24
22
22
18
11
2
-13
-28
-41
-48
-50
-46
-41
-36
-29
-25
-30
-34
-30
-27
-20
-18
-20
-23
-24
-24
-23
-15
1
12
20
14
-2
-14
-30
-40
-38
-34
-23
-4
11
22
29
35
34
16
-7
-13
2
18
31
50
65
62
53
48
44
33
17
6
2
-7
-25
-47
-56
-48
-43
-44
-43
-41
-38
-31
-20
-7
5
11
15
18
7
-5
-14
-16
-15
-19
-19
-18
-24
-34
-38
-41
-49
-54
-46
-26
0
25
43
57
65
66
63
56
46
41
39
44
58
71
80
86
84
79
70
62
49
34
17
7
4
0
0
6
7
8
6
-6
-21
-35
-38
-27
-13
-2
0
2
-5
-27
-45
-53
-54
-57
-55
-54
-54
-57
-68
-79
-88
-86
-77
-68
-62
-58
-49
-31
-14
-8
6
28
53
72
85
93
95
94
92
82
62
40
26
17
12
15
27
38
37
22
8
-3
-18
-25
-22
-16
-14
-14
-17
-25
-30
-21
-6
6
19
34
45
53
62
67
68
59
41
25
16
7
-6
-22
-29
-29
-28
-23
-17
-9
-11
-17
-17
-10
-1
8
6
-7
-18
-26
-33
-36
-36
-36
-42
-51
-56
-61
-62
-55
-52
-50
-50
-55
-63
-69
-68
-59
-49
-43
-43
-45
-37
-22
-2
20
39
53
63
64
63
65
59
50
48
43
40
38
34
27
16
11
13
20
29
41
53
67
76
75
70
62
57
56
61
66
66
64
67
73
71
55
35
21
7
-6
-13
-21
-23
-24
-33
-48
-64
-75
-80
-89
-98
-102
-96
-82
-73
-64
-56
-46
-35
-29
-23
-26
-33
-36
-29
-21
-5
12
24
30
27
22
13
5
7
17
18
12
14
18
21
19
17
13
12
6
-5
-13
-21
-26
-26
-16
-5
-7
-4
0
-2
-4
-11
-19
-15
-2
10
18
20
16
2
-13
-25
-30
-28
-24
-19
-15
-14
-19
-24
-25
-28
-24
-19
-8
9
22
35
42
38
33
29
25
17
6
1
2
9
19
29
44
53
58
53
35
10
-11
-16
-16
-15
-5
7
20
29
41
47
40
12
-22
-42
-42
-30
-19
-3
14
33
44
41
27
15
10
8
3
5
7
13
12
2
-3
-6
-16
-36
-52
-60
-65
-66
-64
-56
-46
-41
-40
-45
-44
-36
-27
-15
-7
3
9
10
6
3
8
13
20
37
44
47
44
42
42
35
29
26
18
-3
-22
-23
-18
-15
-17
-16
-11
-6
-2
-9
-27
-47
-55
-54
-56
-58
-59
-54
-45
-38
-26
-22
-23
-16
-8
4
8
8
11
11
13
25
38
41
34
27
19
16
15
11
17
24
27
21
19
13
-2
-15
-28
-34
-29
-21
-18
-4
13
25
29
26
30
34
35
40
45
51
57
60
55
43
30
21
10
0
-5
-6
-2
0
-3
-9
-11
-8
-5
-9
-20
-34
-45
-58
-63
-58
-49
-36
-32
-27
-27
-32
-44
-54
-58
-57
-42
-18
-9
-5
-2
-14
-31
-42
-51
-53
-55
-57
-48
-32
-18
0
21
42
56
66
65
60
61
56
60
74
83
92
106
115
111
109
111
108
92
61
32
20
17
5
-12
-20
-24
-33
-37
-35
-30
-32
-36
-36
-35
-36
-35
-32
-39
-52
-64
-76
-88
-99
-108
-100
-83
-75
-73
-82
-96
-98
-93
-88
-81
-73
-62
-47
-42
-46
-42
-29
-8
2
6
20
36
47
50
57
68
76
77
70
62
52
39
37
35
38
41
43
46
42
37
39
44
46
48
51
51
50
48
48
49
41
29
26
31
33
28
26
25
13
-11
-27
-22
-17
-8
7
23
38
39
35
29
22
22
20
17
9
-8
-22
-32
-44
-53
-51
-46
-47
-50
-49
-49
-52
-51
-51
-57
-66
-79
-86
-84
-76
-65
-49
-36
-31
-30
-23
-7
2
6
11
20
29
36
43
53
61
53
43
32
20
17
22
30
47
59
57
52
48
38
18
-2
-8
-6
-9
-18
-26
-21
-21
-34
-47
-50
-44
-36
-39
-52
-69
-82
-80
-63
-46
-25
2
31
47
58
70
74
70
61
54
50
50
51
52
47
34
26
23
32
42
43
38
24
3
-23
-50
-68
-66
-57
-50
-43
-42
-33
-26
-24
-18
-5
9
16
20
24
23
29
36
40
39
26
7
-21
-45
-58
-67
-68
-67
-71
-69
-51
-35
-26
-9
10
22
32
34
42
60
72
79
82
83
77
60
47
37
31
32
41
50
46
31
15
3
-13
-36
-59
-74
-76
-70
-74
-86
-93
-86
-72
-49
-32
-24
-19
-23
-34
-49
-61
-64
-58
-45
-25
-5
9
14
17
20
24
29
27
15
4
0
4
6
13
23
33
49
62
69
70
66
62
52
42
38
42
49
53
61
70
77
75
60
42
22
6
1
1
5
-2
-15
-17
-17
-22
-25
-24
-20
-20
-17
-11
-16
-35
-52
-54
-49
-51
-54
-48
-34
-32
-30
-24
-17
-13
-4
3
3
-3
-17
-29
-34
-32
-30
-27
-28
-26
-25
-24
-19
-12
7
22
25
28
29
27
21
9
0
-3
3
12
15
14
15
23
29
27
21
5
-13
-21
-23
-22
-22
-23
-10
7
15
6
-8
-11
-4
4
3
-5
-8
-4
3
4
-3
-1
3
9
10
5
12
27
42
49
44
39
32
22
12
11
10
12
12
6
8
11
12
15
16
22
28
31
29
18
1
-10
-14
-22
-30
-34
-28
-13
0
6
6
0
-7
-9
-3
9
20
26
32
33
24
6
-7
-8
-2
2
0
4
20
33
34
28
26
32
31
19
5
-5
-2
-2
-6
-2
6
6
-4
-16
-26
-42
-57
-66
-63
-50
-36
-23
-24
-33
-40
-47
-47
-45
-45
-46
-44
-37
-24
-17
-12
-9
-9
-14
-19
-23
-30
-33
-29
-15
6
17
20
12
2
-4
-14
-20
-26
-26
-15
2
19
34
41
44
52
59
61
56
50
57
70
71
69
74
82
80
74
71
67
59
54
58
49
33
25
11
5
-3
-11
-7
3
9
7
1
-5
-15
-20
-28
-38
-50
-58
-62
-67
-65
-45
-25
-11
-5
-3
-2
-5
-13
-20
-19
-13
-11
-7
-3
-5
-6
-9
-17
-22
-24
-21
-21
-24
-31
-40
-50
-53
-51
-46
-38
-27
-18
-12
-13
-26
-33
-36
-29
-9
11
31
44
48
45
38
35
28
13
2
-1
1
-4
-14
-7
14
38
38
14
-9
-20
-23
-22
-10
10
32
56
70
79
83
79
71
63
59
52
47
44
42
42
44
48
49
39
29
15
-4
-20
-27
-31
-31
-29
-22
-17
-19
-23
-34
-48
-56
-57
-51
-44
-42
-46
-55
-61
-66
-71
-63
-44
-30
-34
-44
-53
-58
-57
-52
-38
-21
-5
8
16
14
7
5
13
27
27
27
29
18
0
-9
0
17
12
-12
-35
-54
-79
-100
-115
-113
-100
-84
-70
-60
-50
-33
-11
9
14
3
3
4
6
10
20
35
50
57
53
43
33
29
32
47
62
71
79
81
69
50
45
58
78
94
105
108
105
99
98
103
111
108
97
88
80
69
59
47
33
26
29
33
25
6
-7
-8
-4
-6
0
12
22
33
33
31
34
31
23
13
6
-7
-24
-31
-40
-62
-87
-105
-114
-126
-144
-157
-145
-127
-111
-102
-103
-104
-114
-127
-140
-147
-149
-148
-148
-153
-159
-155
-141
-132
-127
-124
-126
-128
-127
-130
-124
-107
-86
-66
-53
-45
-45
-47
-48
-52
-60
-69
-77
-86
-95
-102
-94
-72
-46
-23
2
28
57
93
120
139
156
180
205
212
207
206
213
223
230
229
236
249
260
267
266
255
241
231
228
223
218
214
214
211
209
206
195
180
164
161
156
150
154
160
166
163
153
142
126
96
69
50
39
38
32
21
7
-10
-36
-76
-118
-158
-192
-224
-245
-244
-241
-245
-262
-282
-303
-325
-350
-363
-374
-372
-370
-348
-355
-337
-383
-487
-487
-448
-462
-522
-500
-463
-482
-532
-501
-444
-427
-445
-417
-376
-372
-379
-328
-258
-196
-141
-72
-5
64
134
204
266
348
437
496
530
590
674
716
739
787
854
876
873
907
972
1003
1026
1089
1172
1183
1144
1125
1130
1098
1075
1118
1197
1237
1238
1257
1289
1265
1246
1294
1414
1512
1628
1745
1838
1908
1962
2007
2040
2068
2069
2035
1964
1878
1784
1667
1504
1302
1069
817
563
314
59
-198
-460
-721
-975
-1210
-1425
-1635
-1821
-1979
-2111
-2213
-2280
-2298
-2268
-2221
-2156
-2076
-1988
-1897
-1800
-1689
-1564
-1458
-1383
-1333
-1303
-1286
-1278
-1271
-1269
-1268
-1284
-1295
-1294
-1303
-1317
-1333
-1331
-1308
-1263
-1197
-1116
-1032
-937
-844
-749
-634
-508
-379
-254
-132
-13
87
155
184
200
213
211
208
200
189
176
162
157
153
152
140
136
161
187
221
274
335
398
451
487
523
559
601
649
695
731
741
740
735
718
688
666
651
637
625
604
577
553
535
536
559
600
669
765
878
1013
1179
1361
1566
1785
2005
2212
2387
2519
2613
2681
2731
2769
2790
2775
2720
2629
2505
2362
2204
2030
1830
1598
1333
1054
763
464
168
-126
-411
-694
-980
-1268
-1562
-1854
-2135
-2397
-2628
-2823
-2977
-3094
-3180
-3249
-3308
-3365
-3415
-3429
-3384
-3295
-3170
-3016
-2841
-2657
-2477
-2310
-2149
-1993
-1840
-1682
-1509
-1337
-1171
-1016
-860
-691
-524
-382
-267
-170
-84
4
106
216
334
454
572
682
782
860
918
977
1045
1111
1167
1207
1217
1198
1149
1087
1023
947
860
769
681
584
481
372
262
156
34
-76
-173
-266
-337
-390
-423
-430
-435
-445
-434
-398
-359
-311
-260
-192
-128
-80
-33
17
62
102
141
185
233
287
339
380
420
479
568
686
821
980
1157
1334
1508
1696
1924
2180
2434
2649
2814
2944
3057
3174
3291
3382
3418
3390
3305
3186
3056
2900
2699
2443
2132
1789
1440
1076
686
282
-129
-542
-946
-1332
-1691
-2023
-2327
-2587
-2801
-2973
-3108
-3215
-3292
-3333
-3337
-3310
-3278
-3256
-3236
-3187
-3092
-2959
-2817
-2698
-2615
-2555
-2491
-2403
-2283
-2149
-2036
-1954
-1896
-1833
-1727
-1601
-1483
-1389
-1303
-1197
-1055
-881
-696
-525
-385
-257
-109
67
249
414
550
661
754
844
944
1053
1140
1175
1173
1145
1104
1057
995
928
864
801
736
672
610
557
522
507
511
526
539
547
553
568
601
653
699
721
718
700
694
698
707
727
747
766
780
785
785
782
777
771
763
745
708
671
643
637
659
709
778
864
959
1067
1198
1352
1525
1702
1870
2019
2131
2223
2328
2439
2537
2603
2633
2614
2556
2471
2359
2221
2038
1796
1503
1189
872
556
243
-87
-435
-791
-1139
-1461
-1760
-2041
-2297
-2529
-2763
-3000
-3224
-3406
-3525
-3590
-3599
-3568
-3540
-3522
-3507
-3477
-3422
-3329
-3189
-3031
-2872
-2717
-2585
-2461
-2340
-2228
-2101
-1944
-1764
-1569
-1352
-1141
-966
-842
-755
-687
-611
-504
-361
-182
17
207
380
524
633
722
815
926
1057
1185
1305
1406
1483
1534
1572
1601
1636
1676
1703
1712
1681
1605
1504
1394
1280
1177
1089
1016
944
850
729
578
410
242
94
-15
-96
-163
-218
-265
-300
-320
-324
-313
-282
-236
-187
-141
-104
-83
-67
-43
-19
29
101
183
259
313
359
400
454
540
665
834
1041
1274
1521
1772
2036
2304
2554
2766
2936
3075
3201
3316
3407
3475
3507
3483
3401
3269
3096
2861
2554
2183
1777
1349
913
483
52
-373
-785
-1190
-1586
-1974
-2356
-2706
-3009
-3260
-3467
-3634
-3768
-3872
-3938
-3976
-3975
-3943
-3879
-3797
-3697
-3585
-3460
-3299
-3109
-2910
-2721
-2544
-2382
-2240
-2113
-1997
-1876
-1746
-1609
-1459
-1292
-1122
-961
-804
-658
-529
-410
-281
-126
44
218
376
516
650
778
895
1002
1094
1170
1241
1289
1302
1300
1285
1257
1221
1175
1132
1075
997
899
786
669
546
420
293
179
81
-1
-60
-111
-154
-187
-205
-201
-189
-166
-134
-96
-44
15
72
146
224
305
394
475
554
629
697
756
805
848
897
957
1035
1127
1247
1398
1559
1724
1917
2136
2370
2605
2820
3019
3201
3356
3492
3603
3688
3745
3771
3762
3726
3659
3544
3380
3181
2945
2663
2337
1978
1594
1191
762
317
-135
-585
-1021
-1444
-1859
-2265
-2653
-3028
-3383
-3706
-3984
-4221
-4427
-4593
-4722
-4812
-4875
-4908
-4900
-4864
-4810
-4732
-4633
-4505
-4340
-4144
-3931
-3716
-3507
-3297
-3082
-2865
-2637
-2402
-2179
-1967
-1762
-1564
-1365
-1152
-933
-729
-541
-351
-146
75
301
532
768
998
1213
1413
1593
1764
1922
2059
2167
2240
2287
2313
2327
2328
2312
2273
2203
2104
1986
1870
1759
1657
1546
1409
1238
1059
886
722
569
424
286
151
27
-73
-151
-203
-224
-229
-217
-186
-149
-113
-67
-5
66
129
169
195
221
250
293
341
389
434
483
555
666
800
935
1084
1279
1519
1791
2097
2405
2678
2932
3162
3377
3588
3783
3939
4042
4077
4044
3955
3823
3655
3438
3158
2811
2415
1989
1556
1125
685
221
-269
-770
-1261
-1723
-2158
-2566
-2962
-3351
-3707
-4026
-4293
-4509
-4692
-4839
-4960
-5062
-5128
-5150
-5136
-5076
-4972
-4832
-4657
-4457
-4242
-4015
-3781
-3549
-3332
-3130
-2927
-2711
-2476
-2232
-1995
-1763
-1533
-1295
-1036
-772
-520
-285
-66
173
443
726
1009
1276
1509
1721
1925
2111
2271
2387
2452
2481
2490
2482
2455
2412
2339
2232
2102
1943
1757
1560
1364
1189
1037
885
730
579
436
295
155
28
-92
-200
-288
-351
-387
-415
-449
-480
-487
-470
-455
-466
-491
-514
-514
-472
-396
-319
-252
-172
-66
64
202
327
459
609
793
1019
1290
1598
1913
2248
2614
2997
3379
3724
4024
4292
4546
4803
5037
5222
5334
5369
5343
5245
5072
4814
4468
4066
3626
3153
2647
2102
1529
932
321
-294
-896
-1454
-1954
-2387
-2765
-3127
-3485
-3833
-4158
-4441
-4694
-4914
-5105
-5277
-5417
-5513
-5558
-5563
-5536
-5485
-5403
-5283
-5135
-4984
-4851
-4721
-4552
-4329
-4071
-3809
-3559
-3306
-3028
-2700
-2340
-1989
-1673
-1385
-1074
-724
-361
-28
242
461
663
891
1135
1347
1499
1602
1703
1837
1972
2055
2075
2061
2059
2076
2081
2028
1918
1799
1725
1685
1619
1481
1300
1140
1037
965
858
695
511
374
315
294
250
165
74
44
83
137
162
148
132
143
187
249
286
293
293
323
403
499
588
647
690
751
846
983
1146
1321
1519
1760
2054
2364
2666
2965
3284
3639
4000
4327
4593
4801
4981
5150
5302
5379
5338
5188
4967
4707
4409
4062
3654
3206
2730
2215
1658
1054
421
-215
-833
-1416
-1980
-2527
-3058
-3566
-4041
-4480
-4875
-5226
-5529
-5765
-5952
-6102
-6215
-6289
-6324
-6332
-6306
-6244
-6143
-6006
-5826
-5590
-5309
-4993
-4657
-4302
-3931
-3555
-3195
-2866
-2567
-2286
-2003
-1706
-1406
-1118
-834
-550
-272
4
273
524
745
953
1162
1368
1564
1748
1909
2047
2171
2278
2363
2421
2444
2435
2412
2383
2341
2286
2229
2174
2110
2035
1946
1846
1740
1630
1517
1401
1268
1112
938
748
546
320
77
-155
-363
-539
-690
-814
-902
-965
-983
-957
-885
-768
-624
-467
-305
-144
4
134
251
362
486
605
718
842
1012
1249
1529
1800
2040
2268
2535
2903
3358
3801
4144
4347
4480
4647
4876
5144
5347
5422
5383
5284
5182
5063
4878
4560
4106
3586
3069
2596
2112
1546
882
155
-578
-1254
-1847
-2386
-2906
-3429
-3956
-4471
-4955
-5372
-5702
-5948
-6126
-6266
-6383
-6487
-6585
-6660
-6680
-6620
-6472
-6257
-6002
-5744
-5477
-5182
-4846
-4482
-4103
-3725
-3362
-3000
-2634
-2272
-1929
-1616
-1325
-1042
-759
-477
-188
104
377
623
859
1105
1351
1583
1824
2058
2252
2399
2508
2596
2672
2719
2733
2720
2679
2611
2524
2417
2290
2130
1932
1712
1476
1233
998
772
568
379
191
-3
-193
-370
-529
-675
-797
-894
-953
-966
-986
-1006
-983
-941
-862
-735
-605
-463
-315
-175
-39
111
287
480
699
928
1147
1352
1544
1744
1984
2290
2627
2958
3271
3583
3947
4348
4706
4925
5001
5031
5121
5342
5619
5828
5908
5867
5765
5635
5455
5160
4709
4141
3531
2940
2386
1820
1209
533
-196
-940
-1673
-2367
-3009
-3588
-4125
-4618
-5066
-5475
-5831
-6131
-6389
-6634
-6855
-7033
-7146
-7155
-7063
-6913
-6759
-6621
-6482
-6304
-6056
-5726
-5341
-4942
-4556
-4194
-3863
-3566
-3288
-3024
-2753
-2453
-2113
-1730
-1347
-989
-669
-376
-95
180
476
804
1151
1506
1849
2164
2432
2653
2833
2998
3158
3296
3409
3471
3476
3419
3305
3150
2962
2759
2563
2387
2219
2037
1809
1535
1222
889
563
278
56
-105
-208
-264
-295
-331
-385
-455
-528
-596
-643
-677
-715
-738
-717
-635
-504
-372
-277
-206
-142
-71
14
99
179
252
386
640
1025
1492
1930
2293
2623
3007
3479
3976
4399
4661
4803
4958
5208
5555
5883
6083
6127
6061
5974
5900
5785
5549
5154
4624
4027
3427
2841
2236
1566
834
58
-711
-1450
-2159
-2833
-3459
-4029
-4546
-5019
-5457
-5859
-6211
-6484
-6676
-6784
-6834
-6858
-6845
-6798
-6724
-6600
-6440
-6247
-6016
-5734
-5408
-5068
-4746
-4473
-4227
-3977
-3723
-3441
-3145
-2848
-2527
-2164
-1761
-1318
-861
-427
-15
352
646
864
1037
1193
1365
1583
1863
2182
2505
2800
3027
3164
3212
3163
3037
2883
2730
2597
2487
2386
2270
2142
1990
1805
1587
1331
1052
762
498
272
70
-105
-262
-382
-456
-504
-559
-651
-776
-924
-1038
-1116
-1188
-1257
-1284
-1236
-1103
-901
-680
-485
-328
-194
-71
61
194
336
511
767
1145
1634
2174
2696
3197
3689
4208
4729
5172
5480
5677
5872
6128
6428
6682
6834
6917
6980
7041
7060
6950
6651
6165
5537
4857
4198
3551
2901
2237
1564
889
200
-529
-1330
-2191
-3046
-3839
-4541
-5164
-5709
-6160
-6515
-6781
-6967
-7105
-7227
-7353
-7458
-7527
-7558
-7564
-7551
-7509
-7395
-7150
-6776
-6303
-5793
-5319
-4908
-4547
-4209
-3877
-3552
-3248
-2946
-2594
-2163
-1663
-1134
-641
-216
130
406
639
849
1058
1281
1524
1787
2052
2302
2505
2636
2696
2709
2684
2634
2589
2558
2535
2499
2443
2375
2294
2177
2015
1821
1605
1386
1185
1015
874
752
616
467
312
160
12
-144
-311
-474
-626
-748
-815
-815
-760
-678
-606
-542
-468
-362
-230
-88
37
133
211
311
489
765
1130
1536
1949
2372
2837
3377
3990
4602
5053
5257
5297
5338
5555
5986
6477
6859
7052
7087
7081
7099
7065
6877
6444
5764
4946
4113
3341
2649
1992
1330
661
-9
-687
-1403
-2174
-2980
-3780
-4522
-5176
-5707
-6102
-6353
-6489
-6571
-6669
-6845
-7083
-7326
-7507
-7593
-7610
-7584
-7536
-7434
-7242
-6937
-6517
-6053
-5631
-5296
-5026
-4754
-4425
-4023
-3591
-3171
-2760
-2345
-1895
-1395
-882
-415
-44
235
466
699
972
1271
1552
1789
1980
2150
2336
2563
2814
3047
3215
3264
3190
3049
2914
2829
2801
2793
2757
2696
2612
2512
2383
2177
1876
1495
1085
703
382
151
15
-52
-86
-140
-234
-363
-519
-680
-828
-963
-1086
-1198
-1276
-1282
-1212
-1093
-979
-895
-828
-749
-669
-591
-471
-230
191
747
1305
1784
2231
2803
3557
4347
4944
5184
5205
5300
5638
6152
6594
6839
6939
7058
7273
7466
7474
7188
6666
6038
5405
4798
4155
3455
2728
2040
1431
833
220
-449
-1140
-1788
-2439
-3130
-3883
-4640
-5300
-5771
-6044
-6221
-6360
-6518
-6683
-6845
-7056
-7252
-7454
-7644
-7760
-7800
-7764
-7624
-7315
-6874
-6321
-5746
-5341
-4987
-4655
-4345
-3934
-3542
-3202
-2879
-2463
-1962
-1368
-693
-192
250
629
890
1158
1341
1443
1519
1634
1799
2015
2291
2472
2606
2706
2733
2731
2631
2454
2227
2034
1927
1878
1880
1836
1742
1642
1548
1485
1389
1202
888
531
274
125
50
-69
-280
-486
-618
-637
-605
-638
-797
-1028
-1155
-1093
-888
-681
-579
-545
-478
-321
-107
50
67
-27
-21
290
869
1486
1928
2281
2839
3702
4655
5312
5554
5649
5899
6368
6849
7124
7189
7215
7372
7674
7995
8135
7966
7515
6933
6326
5688
4910
3938
2901
1993
1291
688
33
-688
-1394
-2043
-2674
-3383
-4194
-5028
-5787
-6410
-6891
-7232
-7425
-7475
-7420
-7325
-7260
-7262
-7334
-7473
-7678
-7908
-8063
-8012
-7713
-7230
-6690
-6211
-5789
-5389
-5005
-4606
-4233
-3917
-3619
-3317
-2967
-2535
-2019
-1454
-880
-329
194
672
1097
1445
1655
1722
1704
1732
1899
2168
2458
2697
2861
2966
3022
3032
2972
2811
2598
2408
2279
2206
2128
2025
1922
1844
1814
1775
1679
1505
1271
1040
795
533
239
-73
-306
-447
-441
-372
-327
-304
-386
-471
-596
-731
-816
-889
-822
-736
-634
-549
-508
-312
34
611
1202
1611
1894
2148
2703
3449
4161
4587
4669
4801
5118
5717
6340
6726
6924
6958
7054
7194
7342
7405
7225
6879
6356
5815
5274
4648
3905
2979
2082
1300
661
109
-482
-1047
-1631
-2194
-2759
-3354
-3937
-4594
-5228
-5830
-6364
-6737
-7023
-7142
-7148
-7050
-6859
-6742
-6717
-6879
-7138
-7366
-7503
-7437
-7235
-6866
-6395
-5872
-5282
-4715
-4192
-3815
-3602
-3521
-3531
-3501
-3381
-3076
-2585
-1960
-1237
-522
169
778
1271
1619
1739
1701
1540
1409
1429
1610
1955
2324
2743
3129
3436
3670
3668
3470
3087
2557
2062
1696
1499
1494
1630
1779
1890
1885
1712
1460
1125
750
340
-74
-418
-689
-708
-648
-611
-616
-1040
-1549
-2054
-2579
-2636
-2508
-2272
-1777
-1410
-1012
-570
-334
-136
142
546
1354
2839
4763
6994
9135
10391
10809
10371
9129
7891
6698
5693
5365
5412
5970
7028
7844
8352
8245
7190
5772
4016
2142
675
-609
-1472
-1768
-1818
-1579
-1288
-1218
-1278
-1450
-1677
-1910
-2273
-2912
-3775
-4690
-5521
-6052
-6186
-6060
-5648
-5080
-4576
-4066
-3782
-3870
-4193
-4822
-5578
-6141
-6508
-6542
-6171
-5640
-4981
-4282
-3758
-3339
-3059
-2976
-2975
-3104
-3320
-3503
-3653
-3664
-3452
-3057
-2478
-1806
-1149
-488
126
631
1022
1241
1241
1114
980
842
795
906
1017
1173
1426
1581
1666
1683
1560
1381
1136
872
671
557
488
521
770
945
1060
1203
1018
698
453
-15
-411
-615
-746
-741
-610
-428
-308
-163
2
327
440
674
968
772
937
824
280
-11
-259
107
1409
3067
5130
6943
8888
11001
12716
13198
13293
12905
9451
8052
7988
6151
5221
4885
3942
3605
4115
3899
3439
2781
2097
632
-725
-1497
-3076
-4198
-4974
-5497
-5000
-4285
-3660
-3016
-2667
-1572
-1177
-1770
-1853
-2409
-3354
-3943
-4200
-5000
-5180
-4718
-4790
-4083
-3530
-3527
-2926
-3012
-3616
-3655
-4634
-5784
-5691
-6219
-6556
-5458
-4767
-4310
-3161
-2142
-1883
-1661
-1211
-1627
-2119
-2337
-3000
-3262
-3023
-2647
-2081
-1401
-730
34
906
1585
1810
1776
1487
892
366
-39
-477
-929
-1093
-882
-704
-371
209
317
379
705
728
731
811
616
384
270
134
287
598
778
927
1049
1023
963
1016
851
537
544
619
515
825
1050
1044
1237
1472
1638
1731
1999
1886
1479
1234
997
1239
2030
3182
4713
6317
8183
9997
11360
12130
11956
11026
9912
8848
7467
6062
4655
3276
2458
2144
1874
1793
1510
1528
1259
192
-265
-1357
-2903
-3417
-3890
-4758
-4613
-4186
-4189
-3663
-2459
-1866
-1497
-718
-705
-918
-1023
-1728
-2758
-3416
-4008
-4650
-4850
-5015
-5134
-4805
-4299
-3707
-3228
-3230
-3491
-3790
-4230
-4542
-4729
-4807
-4548
-3894
-3155
-2735
-2413
-2341
-2284
-2041
-1977
-2146
-2471
-2937
-3265
-3441
-3565
-3352
-2895
-2281
-1597
-974
-498
-17
449
669
801
612
188
-276
-852
-1120
-1065
-966
-733
-349
-24
389
886
1104
1366
1664
1608
1456
1286
904
723
704
678
625
484
613
471
634
959
1127
1462
1531
1868
1960
1996
2077
1641
1566
1302
920
816
313
534
1289
2382
4104
5759
7568
9386
11220
12534
12841
12403
11363
10285
9085
7555
5822
4197
3139
2615
2199
1720
1418
1359
1165
911
252
-758
-1383
-2012
-2831
-3498
-4102
-4571
-4512
-4138
-3744
-3109
-2345
-1759
-1178
-624
-498
-801
-1190
-1869
-2723
-3342
-4104
-4850
-5264
-5450
-5204
-4800
-4402
-4106
-4164
-4257
-4268
-4438
-4597
-4592
-4641
-4496
-4056
-3775
-3655
-3350
-3008
-2679
-2242
-2117
-2281
-2267
-2233
-2289
-2317
-2342
-2284
-2061
-1734
-1559
-1479
-1222
-919
-665
-500
-512
-607
-696
-700
-829
-1015
-1061
-1143
-1008
-721
-411
2
324
763
1195
1345
1462
1526
1507
1561
1558
1364
1144
898
634
342
171
135
182
484
748
1135
1579
1958
2400
2450
2385
2231
1898
1774
1471
1441
1943
2780
4064
5520
7337
9349
11386
12925
13475
13429
12868
11953
10702
9003
7090
5230
3661
2268
1026
170
-229
-148
18
-54
-401
-827
-1103
-1388
-1825
-2534
-3420
-4142
-4639
-4911
-4926
-4700
-4147
-3312
-2406
-1700
-1279
-1120
-1181
-1411
-1893
-2614
-3442
-4251
-4872
-5240
-5344
-5239
-5018
-4736
-4452
-4158
-3855
-3598
-3409
-3216
-2918
-2535
-2204
-2037
-2097
-2260
-2370
-2418
-2453
-2512
-2603
-2721
-2790
-2775
-2670
-2396
-1990
-1591
-1315
-1218
-1236
-1251
-1207
-1212
-1311
-1469
-1690
-1859
-1938
-1961
-1940
-1870
-1706
-1446
-1133
-860
-631
-392
-75
278
589
811
998
1198
1391
1551
1636
1642
1533
1346
1120
961
883
901
987
1147
1364
1661
1996
2280
2504
2633
2664
2568
2330
1993
1877
2237
3163
4405
5777
7265
9031
10932
12576
13497
13586
13067
12197
10939
9248
7311
5381
3682
2125
622
-696
-1511
-1794
-1774
-1853
-2069
-2173
-2000
-1833
-1920
-2379
-3017
-3517
-3888
-4292
-4689
-4828
-4523
-3812
-3023
-2345
-1738
-1126
-585
-309
-468
-969
-1616
-2265
-2952
-3644
-4206
-4576
-4782
-4925
-5040
-5034
-4764
-4296
-3709
-3024
-2261
-1532
-900
-551
-571
-781
-1094
-1511
-1971
-2468
-2961
-3265
-3363
-3375
-3280
-3064
-2796
-2407
-1984
-1664
-1397
-1198
-1122
-1156
-1333
-1645
-2019
-2372
-2691
-2897
-2965
-2945
-2800
-2537
-2178
-1707
-1192
-663
-154
329
687
919
1082
1186
1268
1353
1420
1521
1646
1720
1777
1892
1958
1976
1947
1899
1992
2132
2281
2311
2330
2349
2337
2313
2086
1864
1812
2128
2924
3909
5252
6901
8827
10811
12233
13050
13197
12945
12404
11222
9634
7705
5846
4149
2405
750
-712
-1554
-1915
-2210
-2424
-2624
-2490
-2064
-1771
-1735
-2061
-2399
-2721
-3090
-3539
-4056
-4345
-4319
-4097
-3818
-3525
-3087
-2491
-1817
-1276
-1002
-990
-1126
-1385
-1833
-2401
-3084
-3728
-4242
-4689
-5074
-5371
-5434
-5234
-4821
-4246
-3605
-2759
-1803
-939
-320
-25
117
97
-149
-671
-1343
-1864
-2249
-2552
-2820
-2992
-2875
-2563
-2196
-1908
-1666
-1350
-1023
-748
-673
-810
-1077
-1423
-1786
-2190
-2604
-2976
-3225
-3235
-3083
-2828
-2550
-2200
-1669
-1045
-449
17
427
867
1284
1569
1668
1677
1712
1722
1698
1554
1405
1320
1337
1444
1566
1723
1922
2151
2316
2356
2259
2125
1919
1801
1767
2058
2720
3833
5378
7206
9166
10957
12336
13236
13646
13588
13044
11939
10473
8707
6886
4955
3053
1298
-126
-1186
-2039
-2789
-3341
-3534
-3269
-2774
-2326
-2059
-1956
-1954
-2174
-2640
-3283
-3868
-4246
-4443
-4577
-4646
-4539
-4135
-3528
-2874
-2356
-1970
-1721
-1565
-1544
-1683
-1959
-2327
-2754
-3271
-3873
-4498
-5011
-5342
-5460
-5408
-5094
-4434
-3374
-2104
-841
207
998
1520
1719
1580
1131
497
-217
-945
-1693
-2349
-2805
-2963
-2883
-2674
-2434
-2134
-1743
-1300
-909
-663
-598
-709
-954
-1317
-1770
-2279
-2793
-3209
-3445
-3498
-3394
-3161
-2785
-2252
-1624
-1024
-515
-88
303
642
890
1001
1019
1013
1031
1003
893
758
714
819
1013
1183
1337
1550
1816
2091
2248
2266
2182
2091
2063
2197
2595
3350
4510
6060
7872
9746
11417
12677
13440
13729
13593
13050
12101
10767
9139
7276
5262
3242
1439
-16
-1187
-2239
-3175
-3835
-4023
-3766
-3299
-2863
-2539
-2280
-2081
-2029
-2223
-2626
-3078
-3467
-3805
-4142
-4449
-4581
-4443
-4081
-3634
-3167
-2719
-2325
-2041
-1866
-1748
-1648
-1609
-1731
-2121
-2764
-3531
-4250
-4763
-5030
-5106
-5053
-4799
-4182
-3099
-1662
-158
1078
1884
2215
2183
1906
1451
851
90
-826
-1787
-2598
-3035
-3051
-2805
-2556
-2423
-2306
-2063
-1642
-1225
-964
-923
-1037
-1252
-1557
-2025
-2624
-3252
-3741
-3992
-4017
-3878
-3572
-3089
-2480
-1831
-1217
-602
-10
473
782
969
1130
1288
1373
1325
1167
968
805
685
638
662
800
1096
1477
1852
2049
2063
1963
1954
2144
2576
3226
4112
5235
6635
8253
10009
11664
12934
13629
13781
13577
13051
12175
10885
9391
7745
5939
3880
1928
390
-658
-1644
-2718
-3636
-3948
-3667
-3204
-2866
-2649
-2348
-2079
-1989
-2256
-2704
-3209
-3555
-3857
-4126
-4440
-4624
-4626
-4445
-4225
-4001
-3734
-3434
-3144
-3017
-2920
-2796
-2522
-2322
-2314
-2653
-3135
-3613
-3956
-4236
-4501
-4654
-4503
-3881
-2946
-1901
-975
-154
552
1176
1571
1710
1560
1226
705
18
-770
-1458
-1866
-2057
-2194
-2346
-2310
-2038
-1595
-1227
-940
-735
-597
-634
-813
-1087
-1403
-1778
-2207
-2596
-2900
-3103
-3246
-3226
-3049
-2728
-2380
-1977
-1498
-947
-432
-7
361
718
1018
1160
1162
1089
1077
1112
1152
1072
898
711
604
569
540
481
460
602
937
1428
2080
2968
4163
5667
7383
9192
10929
12395
13402
13913
13970
13671
13028
12070
10786
9183
7296
5275
3339
1686
326
-857
-1972
-2932
-3550
-3728
-3553
-3205
-2814
-2469
-2224
-2154
-2257
-2489
-2739
-2988
-3235
-3532
-3856
-4131
-4251
-4195
-4031
-3863
-3733
-3635
-3565
-3514
-3461
-3345
-3168
-3013
-2986
-3134
-3383
-3604
-3752
-3874
-4032
-4245
-4431
-4409
-4062
-3332
-2291
-1090
33
897
1453
1779
2019
2204
2248
2012
1451
677
-72
-631
-965
-1201
-1468
-1804
-2097
-2219
-2101
-1801
-1472
-1228
-1124
-1157
-1310
-1543
-1815
-2096
-2397
-2663
-2841
-2891
-2839
-2714
-2536
-2292
-2006
-1697
-1383
-1089
-825
-533
-132
355
796
1019
1034
1002
1047
1130
1149
1076
972
865
774
732
750
820
878
890
935
1151
1708
2686
4017
5567
7233
9003
10820
12440
13549
14013
14002
13713
13110
12024
10496
8812
7118
5323
3400
1580
103
-1099
-2263
-3355
-4042
-4127
-3803
-3407
-3094
-2799
-2492
-2279
-2277
-2453
-2685
-2917
-3157
-3460
-3801
-4099
-4326
-4478
-4565
-4578
-4497
-4328
-4098
-3828
-3523
-3151
-2725
-2341
-2147
-2232
-2553
-2973
-3362
-3695
-3987
-4255
-4452
-4460
-4200
-3626
-2766
-1721
-679
172
744
1094
1385
1696
1933
1945
1696
1280
806
337
-107
-517
-890
-1279
-1703
-2037
-2107
-1878
-1491
-1128
-865
-685
-604
-660
-829
-1062
-1318
-1581
-1809
-1943
-1988
-2014
-2089
-2180
-2203
-2117
-1936
-1725
-1502
-1192
-724
-113
527
1040
1347
1439
1334
1111
853
622
466
336
219
139
89
86
76
47
97
350
932
1855
3071
4562
6323
8248
10157
11781
12884
13463
13579
13361
12899
12135
11026
9551
7745
5808
3947
2343
1057
-62
-1177
-2254
-3069
-3376
-3217
-2853
-2477
-2153
-1894
-1745
-1768
-1912
-2048
-2146
-2263
-2542
-3034
-3620
-4137
-4465
-4597
-4622
-4614
-4626
-4659
-4635
-4476
-4141
-3640
-3117
-2773
-2712
-2924
-3273
-3623
-3930
-4194
-4407
-4540
-4553
-4454
-4224
-3791
-3086
-2151
-1184
-383
185
626
1088
1596
2030
2230
2159
1889
1498
1030
523
16
-468
-943
-1397
-1745
-1902
-1859
-1704
-1531
-1364
-1179
-985
-855
-854
-970
-1086
-1083
-974
-892
-964
-1173
-1386
-1480
-1413
-1252
-1095
-975
-847
-630
-288
134
545
877
1107
1225
1223
1134
986
794
567
329
109
-51
-138
-223
-383
-595
-704
-493
192
1351
2884
4689
6676
8740
10639
12055
12881
13277
13466
13424
12912
11833
10398
8857
7195
5334
3461
1881
587
-722
-2142
-3269
-3635
-3317
-2815
-2448
-2103
-1604
-1089
-859
-963
-1190
-1366
-1561
-1958
-2562
-3185
-3668
-4004
-4289
-4609
-4908
-5093
-5162
-5175
-5140
-4970
-4580
-4009
-3442
-3074
-2997
-3143
-3366
-3580
-3806
-4120
-4510
-4842
-4991
-4973
-4792
-4349
-3517
-2348
-1212
-427
64
587
1319
2034
2432
2518
2510
2461
2172
1569
891
420
118
-258
-766
-1208
-1400
-1397
-1349
-1282
-1123
-865
-611
-494
-525
-593
-581
-510
-520
-696
-970
-1206
-1369
-1487
-1576
-1605
-1562
-1455
-1271
-963
-534
-51
401
733
883
869
765
650
507
281
-43
-426
-773
-1041
-1236
-1384
-1437
-1291
-823
-27
1011
2257
3754
5566
7643
9803
11728
13141
13866
14030
13867
13491
12782
11613
10061
8283
6381
4439
2686
1271
117
-1038
-2167
-2927
-3080
-2821
-2541
-2340
-2021
-1481
-971
-743
-784
-921
-1088
-1367
-1823
-2412
-3082
-3779
-4403
-4882
-5167
-5282
-5294
-5254
-5177
-5064
-4871
-4542
-4092
-3650
-3406
-3419
-3581
-3772
-3977
-4215
-4449
-4622
-4718
-4781
-4791
-4652
-4263
-3581
-2649
-1618
-649
228
1111
1998
2680
3003
3080
3126
3116
2791
2096
1327
721
155
-610
-1455
-2055
-2332
-2456
-2517
-2361
-1917
-1349
-869
-531
-293
-121
28
215
411
462
297
21
-235
-475
-748
-1025
-1218
-1299
-1320
-1303
-1213
-1017
-731
-425
-164
-22
44
76
96
60
-19
-99
-192
-366
-635
-879
-1009
-985
-820
-427
260
1312
2732
4533
6581
8693
10615
12169
13202
13698
13789
13575
12996
11926
10481
8812
7050
5157
3329
1743
452
-787
-2002
-2953
-3378
-3327
-3060
-2657
-2096
-1384
-738
-307
-101
-9
7
-64
-280
-675
-1293
-2075
-2942
-3778
-4500
-5041
-5397
-5614
-5741
-5765
-5642
-5339
-4892
-4422
-4079
-3972
-4048
-4185
-4309
-4460
-4661
-4860
-4975
-5029
-5062
-5064
-4886
-4375
-3545
-2570
-1613
-687
236
1116
1814
2315
2690
2978
3058
2782
2160
1401
713
98
-562
-1278
-1890
-2261
-2406
-2399
-2196
-1740
-1090
-431
114
563
988
1382
1655
1762
1715
1547
1256
864
432
35
-283
-503
-665
-825
-992
-1112
-1155
-1138
-1084
-1021
-947
-842
-728
-656
-664
-771
-914
-1047
-1181
-1314
-1403
-1405
-1347
-1271
-1109
-679
159
1383
2863
4557
6469
8529
10457
11905
12737
13073
13129
12968
12494
11661
10508
9080
7402
5565
3793
2315
1122
21
-1090
-2050
-2617
-2729
-2571
-2287
-1834
-1155
-383
224
526
621
681
691
493
-6
-751
-1616
-2492
-3329
-4094
-4743
-5276
-5768
-6224
-6543
-6634
-6485
-6194
-5897
-5651
-5464
-5314
-5214
-5206
-5276
-5367
-5421
-5416
-5379
-5338
-5267
-5052
-4586
-3881
-3055
-2208
-1373
-506
402
1259
1982
2537
2892
3031
2929
2615
2189
1720
1194
543
-181
-783
-1124
-1254
-1286
-1199
-880
-338
252
758
1184
1572
1885
2038
2034
1949
1784
1486
1052
574
170
-135
-399
-703
-1051
-1356
-1560
-1665
-1690
-1658
-1553
-1385
-1236
-1160
-1123
-1095
-1106
-1182
-1278
-1285
-1183
-1082
-1080
-1153
-1201
-1127
-847
-251
705
1935
3308
4834
6629
8657
10570
11924
12589
12804
12842
12713
12303
11586
10601
9342
7737
5913
4206
2814
1543
146
-1232
-2182
-2518
-2529
-2529
-2442
-1988
-1175
-382
71
241
351
446
391
59
-507
-1210
-2066
-3071
-4087
-4946
-5593
-6112
-6592
-6971
-7141
-7083
-6878
-6605
-6294
-5994
-5776
-5666
-5587
-5453
-5296
-5242
-5293
-5327
-5256
-5125
-4996
-4770
-4289
-3538
-2655
-1780
-887
92
1056
1829
2377
2796
3148
3316
3148
2688
2139
1602
1037
416
-158
-532
-706
-764
-709
-477
-38
524
1090
1633
2159
2625
2932
3012
2890
2636
2297
1882
1386
844
292
-241
-743
-1185
-1516
-1741
-1910
-2043
-2119
-2106
-2014
-1897
-1799
-1711
-1619
-1534
-1449
-1361
-1248
-1121
-1023
-975
-951
-929
-927
-933
-883
-677
-228
466
1404
2606
4076
5751
7479
9070
10277
10985
11281
11352
11333
11157
10700
9929
8906
7695
6362
5032
3823
2709
1576
460
-453
-998
-1201
-1200
-1046
-687
-173
316
616
736
770
711
475
23
-598
-1379
-2330
-3418
-4501
-5437
-6184
-6780
-7231
-7493
-7553
-7449
-7244
-6979
-6663
-6326
-6012
-5738
-5486
-5247
-5062
-4972
-4942
-4934
-4931
-4934
-4948
-4896
-4650
-4157
-3472
-2697
-1877
-991
-69
762
1441
1963
2385
2701
2797
2661
2385
2085
1829
1556
1269
1042
868
747
717
788
971
1326
1714
2034
2347
2612
2830
2932
2870
2655
2302
1877
1298
713
169
-388
-846
-1196
-1607
-1967
-2159
-2278
-2619
-2563
-2542
-2333
-2364
-2446
-1371
-1923
-1955
-1016
-1351
-1545
-1118
-1113
-1314
-1061
-1125
-1077
-1014
-951
-560
100
944
2103
3482
4664
6232
7934
9450
10736
11445
11931
12203
12228
11995
11476
10726
9757
8521
7118
5793
4554
3329
1965
703
-213
-685
-981
-1214
-1333
-1154
-704
-355
-124
34
19
-254
-676
-1294
-2050
-2874
-3805
-4823
-5819
-6577
-7124
-7614
-8030
-8256
-8338
-8265
-8036
-7717
-7339
-6889
-6477
-6237
-5952
-5687
-5568
-5511
-5472
-5457
-5331
-5183
-5046
-4782
-4355
-3799
-3189
-2504
-1616
-565
401
1234
1851
2423
2995
3465
3771
3911
3983
4003
3894
3589
3366
3150
2840
2529
2221
2140
2230
2292
2338
2414
2508
2608
2619
2495
2326
2088
1754
1365
871
304
-272
-861
-1434
-1893
-2242
-2523
-2730
-2913
-2993
-2962
-2931
-2905
-2811
-2635
-2371
-2087
-1882
-1654
-1386
-1199
-1088
-1040
-972
-834
-800
-926
-1050
-999
-766
-332
338
1220
2326
3551
4834
6341
8183
9985
11279
11984
12252
12392
12502
12377
11866
11079
9966
8494
6916
5444
4164
3003
1739
376
-679
-1389
-1909
-2257
-2465
-2399
-2046
-1682
-1511
-1443
-1474
-1579
-1757
-2112
-2601
-3208
-3990
-4874
-5673
-6311
-6784
-7184
-7632
-8057
-8272
-8224
-7988
-7647
-7308
-6966
-6633
-6329
-6073
-5877
-5722
-5558
-5354
-5139
-4933
-4781
-4598
-4252
-3715
-3079
-2487
-1935
-1178
-90
1125
2215
3051
3723
4404
5030
5413
5574
5646
5631
5425
4998
4504
4106
3777
3365
2884
2497
2247
2050
1830
1613
1525
1580
1603
1520
1376
1151
829
394
-151
-698
-1232
-1813
-2345
-2768
-3096
-3306
-3450
-3553
-3527
-3419
-3293
-3109
-2908
-2665
-2368
-2146
-1969
-1809
-1710
-1589
-1432
-1297
-1157
-1075
-1095
-1113
-1065
-879
-548
-179
254
856
1686
2721
3846
5077
6557
8295
10038
11412
12257
12718
13019
13207
13194
12889
12264
11305
9978
8403
6846
5459
4181
2853
1460
173
-877
-1708
-2376
-2829
-2975
-2854
-2694
-2692
-2820
-2953
-3037
-3149
-3381
-3774
-4338
-5091
-5987
-6871
-7584
-8076
-8438
-8782
-9103
-9324
-9390
-9260
-8919
-8428
-7866
-7317
-6838
-6413
-5999
-5584
-5187
-4826
-4506
-4221
-3970
-3741
-3474
-3084
-2553
-1927
-1258
-531
322
1302
2313
3267
4132
4922
5610
6134
6495
6757
6943
6962
6725
6298
5816
5327
4795
4183
3551
2991
2487
1992
1522
1139
874
687
514
329
133
-98
-373
-655
-906
-1145
-1423
-1754
-2098
-2418
-2702
-2950
-3146
-3280
-3374
-3439
-3470
-3464
-3381
-3219
-3008
-2775
-2539
-2289
-2003
-1696
-1408
-1152
-927
-725
-545
-387
-228
-21
250
611
1093
1714
2471
3331
4284
5368
6660
8145
9684
11033
11985
12535
12810
12942
12943
12709
12123
11129
9770
8189
6555
4959
3387
1799
212
-1275
-2543
-3527
-4246
-4702
-4880
-4813
-4621
-4454
-4428
-4520
-4644
-4735
-4778
-4848
-5055
-5494
-6142
-6839
-7416
-7807
-8079
-8345
-8665
-8968
-9111
-8973
-8532
-7883
-7159
-6461
-5816
-5216
-4634
-4048
-3472
-2943
-2502
-2154
-1870
-1611
-1323
-948
-481
37
548
1030
1502
2000
2582
3289
4136
5060
5925
6608
7055
7328
7506
7600
7544
7273
6766
6043
5177
4250
3337
2493
1699
941
251
-353
-853
-1243
-1520
-1709
-1814
-1851
-1839
-1800
-1785
-1833
-1948
-2140
-2403
-2709
-3019
-3295
-3515
-3682
-3789
-3843
-3863
-3857
-3787
-3595
-3275
-2885
-2467
-2034
-1584
-1110
-633
-171
250
610
919
1197
1444
1619
1685
1681
1702
1865
2223
2738
3332
3920
4467
5025
5742
6747
8036
9399
10537
11224
11434
11355
11169
10922
10520
9843
8835
7515
5951
4286
2685
1222
-159
-1558
-2935
-4138
-5054
-5678
-6042
-6145
-6023
-5801
-5606
-5452
-5251
-4978
-4742
-4667
-4797
-5118
-5571
-6073
-6519
-6809
-6959
-7062
-7181
-7320
-7398
-7333
-7098
-6675
-6064
-5320
-4552
-3855
-3267
-2756
-2273
-1828
-1453
-1142
-883
-664
-461
-225
67
407
751
1066
1376
1731
2173
2721
3373
4098
4817
5430
5867
6132
6292
6393
6416
6280
5910
5270
4408
3460
2571
1842
1255
741
201
-399
-999
-1508
-1842
-2006
-2054
-2049
-2052
-2069
-2090
-2103
-2086
-2077
-2101
-2169
-2297
-2499
-2770
-3025
-3181
-3214
-3147
-3031
-2887
-2696
-2454
-2126
-1687
-1171
-635
-123
367
867
1383
1876
2284
2572
2735
2823
2902
2981
3034
3047
3001
2893
2777
2787
2996
3327
3633
3876
4206
4791
5672
6747
7815
8607
8909
8782
8499
8281
8050
7547
6659
5472
4106
2637
1147
-276
-1627
-2979
-4341
-5592
-6586
-7276
-7661
-7713
-7450
-6991
-6559
-6271
-6048
-5757
-5334
-4845
-4393
-4044
-3870
-3901
-4056
-4183
-4188
-4121
-4101
-4166
-4249
-4290
-4230
-4024
-3643
-3145
-2656
-2229
-1851
-1488
-1121
-746
-349
45
349
527
659
826
1049
1293
1520
1736
1936
2083
2217
2422
2703
2976
3207
3428
3648
3805
3807
3699
3566
3454
3275
2976
2611
2182
1644
1017
436
-3
-328
-667
-1054
-1420
-1688
-1873
-2013
-2106
-2110
-2041
-1986
-1960
-1917
-1829
-1720
-1607
-1475
-1302
-1130
-1010
-922
-812
-656
-496
-356
-218
-78
69
241
452
694
956
1223
1480
1724
1947
2172
2402
2594
2685
2665
2584
2455
2267
2025
1733
1393
994
575
251
106
126
191
195
159
222
555
1299
2445
3757
4847
5454
5630
5653
5805
6076
6212
6001
5352
4300
3001
1665
448
-626
-1698
-2889
-4088
-5122
-5912
-6397
-6537
-6308
-5765
-5117
-4538
-4009
-3458
-2842
-2149
-1451
-886
-590
-641
-969
-1356
-1652
-1871
-2070
-2365
-2801
-3254
-3608
-3756
-3583
-3158
-2664
-2179
-1793
-1516
-1202
-863
-566
-252
-21
18
-69
-303
-614
-776
-840
-919
-976
-1126
-1331
-1369
-1277
-1055
-564
54
693
1393
2009
2590
3252
3731
3948
4065
3998
3758
3462
2979
2419
1938
1332
643
64
-482
-951
-1233
-1391
-1403
-1223
-1008
-810
-535
-231
89
448
745
979
1194
1309
1318
1303
1270
1226
1171
1073
959
875
825
782
749
731
722
750
815
880
944
997
987
877
665
374
33
-337
-741
-1152
-1530
-1881
-2192
-2443
-2640
-2757
-2758
-2619
-2325
-1911
-1493
-1098
-632
14
909
2035
3284
4460
5324
5729
5760
5643
5529
5403
5149
4679
3989
3132
2210
1368
687
95
-562
-1360
-2216
-2952
-3445
-3655
-3554
-3192
-2715
-2273
-1921
-1613
-1289
-927
-561
-254
-73
-75
-231
-426
-582
-686
-790
-988
-1305
-1698
-2121
-2486
-2718
-2818
-2842
-2869
-2949
-3058
-3147
-3206
-3234
-3246
-3273
-3324
-3375
-3369
-3248
-3001
-2666
-2286
-1915
-1580
-1277
-966
-597
-151
334
811
1277
1736
2152
2525
2884
3257
3609
3854
3953
3956
3929
3868
3743
3551
3309
3010
2635
2212
1823
1505
1206
882
569
325
163
57
14
83
251
449
625
784
909
955
896
761
620
500
372
215
49
-121
-337
-623
-945
-1228
-1463
-1686
-1917
-2145
-2348
-2524
-2656
-2706
-2679
-2614
-2557
-2527
-2513
-2484
-2417
-2291
-2121
-1934
-1748
-1560
-1338
-1072
-758
-401
-8
399
771
1106
1457
1920
2548
3354
4320
5369
6321
6974
7281
7357
7353
7316
7180
6888
6417
5737
4853
3863
2898
2020
1172
264
-687
-1560
-2267
-2781
-3070
-3104
-2926
-2674
-2471
-2336
-2224
-2110
-2001
-1914
-1873
-1926
-2130
-2488
-2925
-3354
-3743
-4114
-4504
-4905
-5277
-5572
-5758
-5791
-5658
-5393
-5086
-4799
-4501
-4134
-3695
-3239
-2785
-2325
-1886
-1520
-1237
-983
-707
-405
-124
117
369
679
1037
1411
1797
2213
2664
3105
3479
3795
4098
4396
4656
4854
5000
5111
5144
5039
4800
4492
4147
3731
3229
2694
2190
1730
1291
878
531
262
31
-195
-408
-581
-702
-788
-855
-884
-876
-851
-862
-926
-1010
-1106
-1248
-1442
-1645
-1822
-1972
-2129
-2276
-2334
-2260
-2112
-1980
-1880
-1763
-1607
-1451
-1327
-1199
-1020
-820
-683
-627
-568
-421
-221
-74
-18
15
75
125
126
110
164
285
368
359
358
489
739
972
1140
1337
1655
2076
2533
3079
3791
4561
5170
5495
5633
5757
5853
5784
5517
5107
4575
3842
2902
1898
966
93
-822
-1783
-2673
-3417
-4037
-4521
-4800
-4834
-4705
-4528
-4322
-4052
-3758
-3496
-3270
-3039
-2816
-2691
-2677
-2699
-2678
-2642
-2643
-2693
-2754
-2789
-2789
-2730
-2582
-2340
-2028
-1710
-1425
-1175
-938
-700
-470
-249
-42
138
276
360
406
450
522
632
764
899
1031
1174
1347
1560
1801
2059
2338
2630
2915
3179
3417
3632
3796
3866
3841
3742
3552
3245
2862
2459
2034
1553
1019
480
-24
-498
-943
-1326
-1620
-1846
-2036
-2191
-2261
-2220
-2083
-1907
-1703
-1459
-1196
-950
-726
-507
-298
-131
-14
76
153
200
204
185
159
125
70
4
-76
-181
-299
-413
-520
-619
-705
-759
-809
-842
-852
-852
-832
-803
-761
-724
-684
-630
-557
-475
-375
-269
-161
-53
45
100
120
136
165
205
255
339
467
644
875
1175
1546
1967
2411
2845
3199
3433
3543
3558
3475
3289
3002
2632
2187
1673
1115
552
4
-531
-1030
-1457
-1797
-2036
-2170
-2188
-2088
-1891
-1630
-1337
-1013
-668
-339
-61
147
274
300
208
15
-250
-565
-910
-1257
-1577
-1866
-2114
-2308
-2449
-2530
-2548
-2522
-2456
-2357
-2240
-2116
-1992
-1877
-1788
-1727
-1689
-1657
-1618
-1572
-1513
-1446
-1365
-1274
-1173
-1054
-893
-676
-414
-106
237
596
959
1322
1684
2048
2412
2757
3060
3300
3448
3492
3454
3364
3234
3071
2873
2651
2425
2199
1961
1719
1498
1306
1131
973
846
752
677
606
541
485
443
413
379
338
284
197
69
-93
-271
-460
-658
-845
-1016
-1178
-1333
-1476
-1592
-1682
-1758
-1817
-1855
-1887
-1916
-1933
-1932
-1906
-1870
-1832
-1779
-1725
-1681
-1640
-1583
-1496
-1386
-1254
-1107
-956
-806
-653
-482
-286
-73
148
351
504
601
660
704
751
821
922
1036
1160
1313
1517
1803
2175
2607
3055
3463
3781
4000
4147
4236
4270
4208
4016
3691
3254
2727
2166
1611
1079
558
28
-494
-973
-1373
-1664
-1840
-1914
-1937
-1950
-1967
-1988
-1997
-1976
-1919
-1845
-1807
-1842
-1944
-2102
-2280
-2456
-2617
-2761
-2903
-3047
-3170
-3238
-3232
-3158
-3026
-2844
-2639
-2429
-2201
-1951
-1688
-1421
-1160
-896
-627
-365
-112
117
317
480
610
715
813
918
1035
1168
1320
1487
1679
1904
2141
2375
2602
2825
3034
3210
3357
3467
3523
3527
3477
3375
3224
3004
2725
2403
2055
1690
1315
931
549
180
-167
-481
-753
-979
-1152
-1279
-1369
-1429
-1467
-1483
-1492
-1504
-1522
-1554
-1598
-1647
-1694
-1720
-1720
-1702
-1662
-1591
-1493
-1372
-1245
-1116
-993
-878
-763
-660
-575
-516
-482
-465
-445
-431
-422
-412
-393
-362
-324
-262
-184
-90
9
115
231
349
466
590
723
866
1016
1156
1260
1322
1353
1341
1272
1156
1006
830
635
453
319
250
245
310
450
641
859
1086
1306
1487
1612
1677
1691
1643
1537
1388
1202
985
744
498
245
-15
-260
-459
-600
-683
-701
-669
-605
-533
-461
-391
-349
-334
-344
-371
-408
-464
-542
-636
-748
-880
-1023
-1186
-1357
-1525
-1675
-1787
-1862
-1890
-1873
-1820
-1750
-1677
-1613
-1547
-1476
-1395
-1297
-1194
-1096
-996
-901
-820
-751
-697
-651
-608
-579
-564
-550
-524
-479
-411
-327
-231
-115
28
195
387
611
865
1141
1418
1695
1957
2179
2355
2486
2564
2569
2508
2428
2324
2195
2050
1891
1722
1539
1331
1119
915
735
589
471
373
278
196
124
61
9
-19
-27
-38
-57
-83
-120
-169
-237
-318
-399
-478
-561
-633
-683
-723
-771
-835
-902
-984
-1089
-1198
-1286
-1351
-1409
-1465
-1505
-1539
-1578
-1627
-1665
-1680
-1679
-1657
-1586
-1476
-1339
-1164
-949
-708
-456
-202
72
359
641
902
1136
1343
1534
1696
1810
1878
1907
1909
1865
1800
1736
1690
1682
1720
1797
1896
1996
2078
2128
2133
2095
2010
1878
1706
1492
1242
970
681
379
79
-211
-487
-736
-953
-1145
-1308
-1431
-1516
-1565
-1580
-1561
-1515
-1451
-1380
-1316
-1277
-1278
-1324
-1401
-1501
-1609
-1717
-1815
-1893
-1958
-2013
-2051
-2080
-2103
-2124
-2131
-2110
-2053
-1955
-1821
-1660
-1482
-1290
-1086
-883
-686
-488
-286
-87
103
291
483
688
911
1149
1395
1639
1873
2095
2295
2467
2602
2709
2806
2876
2906
2896
2861
2801
2702
2562
2395
2206
1995
1762
1517
1276
1041
808
589
398
234
89
-48
-165
-272
-374
-485
-618
-758
-898
-1044
-1182
-1303
-1410
-1519
-1628
-1739
-1847
-1950
-2046
-2136
-2206
-2237
-2222
-2151
-2021
-1836
-1601
-1334
-1045
-726
-394
-67
229
478
674
816
911
959
970
948
894
821
745
672
602
542
495
470
466
494
554
634
712
792
877
956
1033
1113
1182
1228
1245
1235
1193
1114
992
836
650
439
216
-18
-256
-501
-742
-957
-1143
-1281
-1367
-1411
-1407
-1346
-1228
-1059
-868
-665
-446
-230
-50
103
231
325
375
369
317
239
140
31
-77
-181
-282
-359
-407
-426
-410
-370
-301
-217
-114
-14
70
142
208
255
266
255
213
130
24
-87
-207
-315
-398
-473
-541
-573
-572
-569
-553
-512
-449
-396
-354
-308
-261
-225
-203
-188
-162
-133
-104
-73
-31
15
66
113
154
191
234
274
310
366
445
522
582
640
692
716
700
685
655
622
598
572
552
537
512
486
461
433
398
359
317
267
212
162
117
82
50
25
-5
-46
-99
-169
-245
-318
-381
-443
-505
-553
-587
-619
-637
-645
-648
-658
-686
-717
-725
-718
-689
-641
-579
-505
-432
-367
-305
-248
-201
-166
-138
-108
-83
-57
-9
48
107
174
248
329
409
475
539
603
666
695
689
687
685
666
626
586
543
485
412
346
291
240
195
168
152
133
102
74
59
40
16
-15
-51
-68
-74
-85
-96
-101
-110
-133
-148
-141
-125
-117
-122
-140
-161
-191
-234
-265
-277
-285
-288
-282
-261
-251
-243
-226
-202
-182
-163
-141
-118
-99
-80
-60
-44
-35
-27
-20
-16
-10
2
2
0
3
13
29
36
46
57
64
61
59
63
66
65
69
86
96
97
93
87
87
87
84
73
60
43
28
18
16
17
17
21
31
47
52
54
61
63
55
38
23
18
16
8
-5
-26
-38
-59
-93
-122
-140
-154
-168
-174
-167
-160
-160
-153
-144
-132
-114
-93
-58
-24
-1
12
22
35
55
81
100
108
110
110
103
92
90
102
117
138
154
156
143
133
135
147
170
195
218
236
247
254
248
234
222
210
218
243
269
286
276
251
214
172
132
95
67
46
24
3
-31
-85
-156
-232
-303
-347
-367
-380
-383
-378
-376
-385
-402
-412
-403
-394
-379
-353
-314
-270
-237
-202
-160
-129
-109
-84
-63
-46
-18
12
45
75
89
98
94
88
94
118
153
184
201
191
169
148
131
127
138
154
162
169
165
140
118
98
68
45
28
19
21
16
6
-3
-28
-67
-103
-127
-143
-157
-169
-184
-193
-197
-200
-199
-200
-197
-195
-198
-206
-202
-186
-162
-134
-119
-112
-100
-83
-66
-46
-23
-1
25
54
76
96
104
113
136
162
184
195
203
213
222
228
231
219
203
173
139
112
89
69
53
46
41
39
48
52
58
70
82
100
132
175
219
252
266
266
252
240
226
204
171
130
89
48
7
-30
-57
-80
-105
-128
-153
-172
-192
-215
-222
-214
-200
-186
-167
-145
-126
-105
-86
-67
-50
-32
-10
10
38
58
70
78
74
61
51
44
26
4
-13
-13
-17
-33
-55
-74
-90
-106
-122
-134
-134
-129
-116
-93
-73
-63
-61
-58
-61
-72
-93
-120
-139
-156
-168
-164
-148
-126
-96
-69
-53
-55
-71
-86
-89
-83
-79
-78
-82
-85
-72
-55
-39
-31
-26
-9
25
57
84
105
128
158
188
209
214
200
175
153
144
151
153
158
164
164
158
148
130
111
92
77
70
64
58
49
38
34
35
33
28
22
14
3
-10
-23
-36
-41
-42
-36
-26
-20
-19
-17
-14
-18
-11
2
7
7
5
6
1
-10
-8
9
24
29
24
8
-5
-19
-30
-35
-44
-61
-79
-91
-98
-102
-106
-112
-108
-96
-73
-48
-27
-6
13
35
56
69
68
61
58
64
70
78
86
86
75
58
42
28
11
-11
-29
-36
-39
-38
-38
-33
-17
3
12
23
31
34
41
41
34
16
-7
-23
-39
-57
-73
-83
-85
-86
-80
-68
-59
-54
-50
-51
-56
-54
-53
-47
-44
-40
-35
-31
-24
-21
-23
-25
-22
-19
-15
-6
12
32
52
76
106
125
125
117
111
106
98
91
90
96
99
85
70
59
55
57
48
36
16
-2
-19
-35
-40
-36
-33
-34
-36
-46
-53
-60
-73
-79
-73
-62
-49
-43
-44
-40
-30
-28
-33
-40
-49
-52
-50
-34
-18
-15
-24
-36
-44
-45
-36
-28
-17
-4
-1
4
11
13
9
18
33
48
72
94
110
125
145
159
157
148
125
97
68
38
11
-4
-10
-16
-23
-30
-27
-21
-19
-22
-29
-32
-30
-33
-39
-48
-51
-50
-57
-68
-77
-81
-82
-79
-81
-73
-56
-32
-3
19
28
29
35
36
27
11
-4
-7
-2
-2
-10
-27
-47
-68
-82
-86
-87
-77
-57
-28
1
26
50
70
90
110
129
152
161
154
142
122
93
71
54
45
40
29
13
-8
-24
-30
-29
-22
-6
19
46
75
91
89
79
66
55
40
16
-10
-29
-47
-66
-82
-103
-124
-145
-161
-172
-172
-166
-158
-142
-116
-85
-63
-52
-44
-34
-25
-17
-18
-23
-17
-4
9
18
35
60
79
89
88
73
58
47
37
22
13
9
5
5
3
1
3
12
25
32
39
51
66
74
70
61
42
22
11
5
11
14
7
-2
-18
-40
-59
-71
-79
-71
-61
-56
-53
-41
-17
9
34
57
73
84
93
93
89
85
80
73
56
41
34
22
-1
-26
-47
-68
-82
-83
-79
-74
-69
-55
-36
-23
-19
-10
5
19
38
59
77
88
80
69
62
50
33
20
19
30
30
23
9
-10
-29
-43
-47
-45
-45
-54
-60
-61
-61
-51
-33
-16
5
19
36
55
59
56
56
62
58
40
17
1
-11
-25
-38
-48
-53
-56
-68
-80
-77
-71
-51
-21
-1
16
28
41
45
47
54
59
60
54
43
34
27
21
20
22
20
6
-18
-42
-63
-70
-64
-47
-23
-1
6
-6
-26
-32
-17
6
31
54
65
65
57
44
27
5
-18
-35
-55
-71
-80
-83
-71
-40
-10
10
13
3
-12
-33
-55
-73
-79
-81
-74
-55
-40
-27
-19
-14
-3
4
4
4
13
18
25
33
37
36
38
54
69
81
98
116
124
127
120
102
91
88
85
78
67
55
41
31
20
9
-1
-9
-20
-31
-46
-65
-75
-74
-70
-60
-48
-35
-19
-7
-5
-8
-13
-15
-33
-50
-53
-54
-42
-29
-22
-17
-16
-17
-17
-15
-4
5
10
9
5
-3
-5
10
24
36
48
61
65
58
55
52
46
34
21
23
28
24
20
14
15
22
20
19
18
15
12
13
16
14
0
-17
-32
-30
-20
-9
2
-2
-21
-48
-66
-68
-62
-58
-52
-52
-51
-48
-49
-49
-42
-31
-22
-14
-15
-22
-24
-28
-35
-31
-24
-24
-22
-16
-6
6
21
22
8
-4
-10
-12
-2
12
23
31
29
21
17
15
11
10
16
25
29
31
34
31
16
5
12
21
30
30
22
12
-6
-16
-20
-24
-18
-7
3
11
16
12
4
-8
-15
-17
-12
-3
0
0
5
19
27
25
21
12
4
3
6
15
19
18
14
14
16
20
18
3
-12
-25
-26
-22
-13
2
18
30
36
48
57
55
56
60
70
76
73
60
45
39
26
16
21
21
14
8
6
12
23
31
29
24
13
-8
-27
-35
-36
-34
-27
-30
-43
-58
-74
-83
-85
-81
-80
-87
-90
-95
-91
-81
-66
-46
-23
-5
-4
-10
-22
-31
-34
-33
-30
-17
-2
9
10
-2
-8
-14
-24
-36
-45
-47
-44
-38
-32
-16
2
-4
-26
-35
-27
-11
6
32
62
86
97
104
100
94
87
87
91
90
84
77
69
51
34
22
16
9
4
1
-4
-17
-30
-31
-30
-29
-23
-12
2
7
-2
-13
-17
-17
-18
-16
-12
-5
5
10
11
-4
-24
-25
-21
-24
-37
-49
-52
-51
-45
-39
-27
-15
-6
-8
-18
-26
-18
-1
16
27
28
21
13
11
20
45
79
103
113
112
100
84
72
53
32
21
26
40
50
58
57
44
20
3
-9
-13
-9
-5
-2
-6
-15
-32
-53
-71
-74
-64
-45
-30
-19
-15
-23
-31
-40
-46
-50
-51
-47
-43
-40
-35
-34
-38
-48
-59
-68
-63
-60
-52
-41
-40
-37
-30
-20
-13
-4
12
36
63
95
125
128
118
103
78
49
18
-10
-24
-36
-48
-60
-77
-88
-92
-93
-92
-88
-79
-56
-29
-12
-4
11
25
32
27
11
-2
-8
-18
-42
-56
-54
-39
-26
-23
-19
-16
-13
-18
-26
-28
-27
-19
-5
9
30
57
90
115
128
142
156
155
145
140
144
138
120
96
69
45
19
-5
-22
-35
-39
-39
-35
-32
-21
-9
3
11
16
21
26
38
46
44
38
32
29
32
27
19
12
14
9
3
5
10
24
36
37
26
1
-37
-75
-105
-123
-132
-127
-115
-107
-116
-124
-118
-111
-102
-89
-75
-65
-53
-40
-25
-8
9
29
41
41
37
40
40
39
40
39
39
35
26
13
5
-1
-6
-5
-10
-17
-14
-7
-5
-1
9
23
26
18
8
1
-3
-10
-17
-25
-23
-8
7
15
18
20
14
9
11
17
25
24
20
15
8
-7
-28
-38
-36
-29
-28
-26
-19
-17
-8
-3
-3
-4
-9
-15
-15
-12
-10
-8
-7
-5
5
20
38
45
45
42
38
32
28
22
21
24
28
29
25
24
34
48
51
46
39
28
23
20
11
0
0
7
10
4
-5
-8
0
8
8
1
-17
-39
-56
-63
-59
-51
-42
-30
-19
-11
-16
-38
-55
-60
-55
-36
-18
-6
6
13
18
16
14
18
25
35
42
51
61
62
62
58
57
54
51
45
36
35
33
28
18
6
-7
-18
-25
-25
-21
-16
-3
8
16
19
15
13
6
-7
-20
-37
-44
-46
-47
-43
-35
-29
-34
-44
-52
-63
-69
-72
-72
-70
-71
-71
-68
-68
-79
-96
-108
-107
-101
-86
-69
-54
-39
-31
-33
-33
-25
-9
7
19
24
28
41
50
57
74
96
115
131
133
118
90
58
39
41
50
65
87
111
124
130
131
120
101
79
53
33
23
22
26
32
36
35
24
-1
-23
-49
-67
-80
-101
-121
-130
-117
-94
-81
-77
-72
-61
-58
-56
-53
-37
-21
-9
11
25
41
57
66
74
70
53
30
1
-27
-39
-43
-42
-36
-35
-34
-39
-36
-35
-34
-17
12
47
81
113
135
147
149
152
147
139
124
107
85
50
1
-49
-87
-120
-147
-169
-188
-197
-201
-197
-192
-180
-156
-130
-111
-87
-49
-14
21
49
67
83
98
103
98
87
76
77
82
82
74
54
24
-1
-19
-28
-32
-36
-33
-25
-25
-35
-46
-57
-57
-53
-55
-46
-22
-3
13
25
43
69
82
88
83
74
68
60
41
25
15
12
20
28
32
32
21
7
1
-2
-1
3
6
10
15
21
26
27
22
21
21
19
6
-6
-15
-16
-13
-14
-15
-8
0
8
16
14
2
-10
-15
-15
-13
-11
-7
-3
-9
-17
-22
-19
-21
-25
-28
-36
-40
-46
-45
-36
-22
-13
-15
-27
-40
-45
-39
-20
0
21
36
48
57
50
40
32
31
36
46
58
57
47
37
22
-2
-24
-38
-37
-37
-44
-42
-33
-22
-17
-17
-14
-13
-18
-23
-29
-29
-25
-19
-8
5
18
26
32
29
24
22
22
24
23
22
21
19
10
-13
-36
-48
-44
-32
-17
-6
0
6
7
4
-1
4
7
8
13
19
24
23
19
23
30
43
51
50
44
44
43
36
27
24
15
7
3
-5
-13
-17
-23
-27
-26
-34
-44
-53
-62
-60
-55
-48
-42
-41
-42
-46
-49
-49
-42
-34
-25
-16
-9
-4
-6
-9
-5
7
15
19
22
30
37
39
34
24
13
11
20
34
49
63
75
87
94
101
108
115
117
116
113
102
82
60
42
26
10
-5
-17
-30
-46
-57
-64
-70
-67
-61
-51
-39
-42
-61
-90
-120
-136
-140
-136
-119
-101
-87
-77
-63
-45
-29
-27
-30
-33
-42
-51
-47
-38
-30
-15
11
37
47
38
22
11
12
19
26
37
48
56
59
51
40
31
30
44
60
67
61
57
56
53
41
30
22
16
7
-4
-6
-6
0
7
7
0
-13
-18
-15
-1
11
18
25
18
0
-17
-30
-31
-20
-13
-9
-12
-24
-34
-44
-51
-43
-21
-3
10
18
25
28
27
33
44
49
47
37
23
10
4
4
9
13
14
12
15
17
16
18
26
32
34
40
42
32
13
-6
-15
-20
-25
-26
-24
-20
-11
-6
-14
-24
-30
-33
-39
-46
-49
-60
-75
-84
-87
-82
-69
-56
-39
-28
-24
-26
-23
-22
-24
-21
-10
8
19
22
26
25
16
0
-17
-25
-29
-25
-9
8
19
20
15
9
3
-3
-5
5
18
22
23
26
34
44
53
57
53
50
53
59
58
51
39
27
16
9
6
3
-3
-8
-7
-6
-11
-21
-30
-26
-20
-9
7
20
29
31
33
30
19
10
5
5
10
8
4
3
6
11
12
4
-11
-29
-43
-52
-52
-40
-24
-25
-19
-7
-15
-25
-31
-33
-28
-35
-46
-45
-29
-10
2
6
4
4
6
5
9
21
36
55
64
61
47
30
19
16
21
28
27
22
20
23
25
22
20
13
-1
-13
-17
-23
-25
-23
-20
-19
-18
-10
0
4
1
-7
-21
-34
-51
-67
-67
-57
-51
-47
-42
-32
-20
-9
-8
-5
0
-11
-19
-30
-39
-36
-35
-26
-16
-15
-11
-11
-6
4
10
8
3
2
2
7
19
31
43
50
49
42
35
33
31
32
34
31
34
41
46
56
66
61
51
46
42
41
42
40
33
21
14
11
1
-10
-16
-13
-11
-15
-15
-23
-36
-49
-57
-56
-46
-35
-25
-19
-12
-13
-17
-21
-20
-13
-5
1
11
22
37
47
49
48
44
43
42
33
21
21
24
24
19
19
21
20
12
-4
-24
-48
-71
-89
-98
-92
-74
-47
-28
-21
-22
-28
-34
-51
-60
-59
-53
-45
-45
-46
-43
-40
-47
-52
-51
-43
-28
-14
-4
7
16
9
-1
-10
-16
-13
-6
9
23
29
31
29
30
34
38
44
48
54
66
76
85
84
80
77
62
45
30
24
24
21
19
27
40
51
55
55
58
53
40
28
14
-2
-24
-41
-49
-53
-41
-23
-13
-8
-9
-15
-30
-47
-51
-48
-45
-38
-30
-18
-5
5
17
31
39
38
25
8
-8
-22
-35
-44
-52
-62
-62
-52
-29
-10
-7
-11
-10
-9
-11
-14
-17
-15
-13
-16
-12
-7
-10
-10
3
24
39
47
44
34
22
5
-10
-7
6
22
44
58
61
59
52
43
23
0
-9
-13
-22
-30
-38
-39
-38
-37
-34
-32
-33
-33
-31
-25
-31
-39
-42
-41
-35
-29
-20
-7
1
8
13
20
27
35
46
55
56
49
46
53
57
52
37
22
14
11
13
17
13
-1
-17
-19
-15
-19
-29
-32
-27
-24
-32
-43
-50
-54
-56
-53
-42
-30
-28
-26
-18
-7
4
16
31
43
55
67
67
58
49
35
22
14
14
12
2
-10
-21
-22
-17
-11
2
15
24
22
11
8
-3
-16
-26
-26
-14
-3
1
7
14
14
5
-13
-29
-34
-25
-19
-19
-17
-14
-9
-6
6
23
34
43
53
58
56
57
53
46
39
29
17
1
-14
-27
-43
-52
-51
-42
-32
-30
-39
-50
-63
-61
-52
-48
-45
-41
-34
-21
-8
-9
-16
-15
-11
-6
3
6
7
8
0
-8
-1
14
18
9
-6
-18
-29
-30
-31
-35
-38
-34
-24
-10
