SAMPLES:	14597
BITSPERSAMPLE:	16
CHANNELS:	1
SAMPLERATE:	16000
NORMALIZED:	FALSE
8
9
12
16
21
31
44
55
57
66
76
85
83
75
72
64
52
39
20
5
-2
-10
-12
-3
16
30
30
24
19
24
25
17
11
4
-1
-6
-1
4
2
-4
-12
-17
-14
-3
12
26
29
27
35
53
69
74
69
63
47
32
27
15
-7
-23
-26
-19
-15
-12
2
12
8
-11
-27
-33
-33
-29
-19
-14
-7
8
20
22
16
4
-1
-9
-28
-38
-39
-41
-54
-72
-79
-79
-71
-64
-65
-65
-65
-63
-61
-51
-37
-24
-13
-8
-12
-18
-14
-11
-3
1
5
13
24
27
15
9
2
-8
-19
-32
-34
-33
-29
-12
6
13
3
-5
-10
-19
-22
-20
-12
2
15
34
51
62
76
94
102
100
86
76
77
75
65
52
40
17
0
-8
-11
-7
-5
4
15
16
5
1
6
20
31
39
45
49
58
62
44
15
-11
-32
-53
-69
-68
-55
-50
-49
-43
-48
-62
-83
-94
-91
-78
-52
-25
-7
-1
-7
-18
-25
-21
-8
-6
-8
4
15
27
32
34
42
43
39
40
43
47
48
46
48
48
34
17
7
-2
-8
-4
6
17
23
21
19
33
39
25
2
-14
-11
-7
-16
-23
-25
-32
-36
-24
-26
-47
-65
-71
-72
-83
-87
-74
-59
-54
-66
-76
-70
-59
-42
-22
0
12
16
13
2
-7
-13
-12
4
30
45
44
46
56
69
82
88
81
67
54
49
44
29
13
0
-11
-11
-16
-24
-25
-25
-27
-24
-19
-20
-23
-16
-3
9
13
15
17
13
11
15
30
50
60
68
65
45
18
-6
-18
-17
-5
9
17
27
39
41
41
40
31
22
14
10
6
-5
-24
-32
-22
-7
1
-3
-10
-19
-33
-47
-49
-41
-42
-45
-44
-37
-32
-24
-17
-9
-1
1
0
-6
-19
-31
-31
-18
-1
15
22
24
18
0
-18
-19
-8
-6
-13
-15
-9
-3
-4
-8
-18
-25
-32
-46
-54
-61
-69
-70
-66
-51
-30
-18
-20
-17
-10
-9
-9
-8
-1
17
29
40
55
57
49
46
50
59
63
57
51
48
45
49
51
39
29
24
17
11
11
18
30
32
27
25
26
40
61
74
71
57
44
32
17
-2
-13
-19
-24
-32
-42
-39
-32
-35
-38
-34
-32
-43
-56
-58
-49
-46
-43
-37
-22
-9
-8
-13
-17
-28
-33
-33
-38
-30
-19
-18
-30
-49
-56
-62
-70
-59
-35
-9
11
20
24
25
18
5
-1
2
0
-1
6
9
6
-1
2
13
19
15
9
6
3
-3
-5
-1
5
20
44
67
78
78
69
56
52
44
41
44
44
45
52
61
65
64
66
69
56
30
7
-15
-28
-40
-50
-43
-31
-21
-16
-17
-25
-43
-59
-63
-61
-46
-24
-9
6
12
6
-7
-29
-43
-49
-43
-27
-20
-23
-24
-35
-57
-68
-68
-53
-25
8
27
34
26
15
17
15
9
7
7
11
13
8
9
23
35
31
9
-17
-41
-58
-62
-40
-17
-11
-7
1
14
24
24
25
31
29
26
22
28
41
53
57
55
50
37
25
18
-4
-26
-40
-48
-51
-55
-63
-65
-56
-36
-19
-3
5
-6
-9
2
15
34
54
65
70
67
61
51
40
28
20
19
11
-6
-17
-22
-32
-35
-25
-13
-16
-26
-42
-53
-55
-47
-38
-34
-25
-4
15
22
26
18
2
-2
-8
-10
-9
-6
-7
-15
-17
-9
-7
-16
-32
-36
-31
-31
-27
-13
3
8
1
-4
1
13
22
32
48
57
63
66
65
70
72
69
66
60
42
17
6
6
0
-13
-21
-19
-9
-4
-8
-16
-18
-18
-19
-16
-6
1
-1
-5
-19
-32
-38
-40
-36
-36
-34
-30
-19
-7
-1
2
-3
-12
-15
-12
-1
7
5
4
2
-1
-9
-20
-29
-30
-32
-31
-35
-38
-42
-53
-65
-69
-62
-48
-39
-41
-40
-31
-20
-10
3
16
23
29
31
29
19
11
13
19
28
41
56
62
61
62
59
52
48
40
29
22
17
19
11
-1
-8
-16
-18
-16
-14
-4
10
21
33
33
23
11
4
1
-2
-3
-1
-6
-10
-15
-22
-21
-13
-7
-7
-15
-24
-22
-14
-3
10
14
10
8
17
28
26
30
41
46
49
46
34
19
9
12
13
9
8
7
11
18
15
1
-12
-16
-18
-23
-25
-32
-38
-39
-31
-22
-14
-14
-13
-16
-17
-3
15
32
41
36
24
12
4
3
4
-1
-14
-27
-39
-50
-60
-69
-78
-80
-72
-71
-72
-70
-69
-69
-62
-47
-40
-30
-16
-7
-2
11
22
26
28
24
21
29
33
25
19
22
25
9
-7
-22
-29
-23
-15
-5
3
9
10
10
14
22
32
26
10
2
5
18
34
46
55
71
85
80
70
64
60
47
32
27
30
39
39
29
9
-10
-19
-36
-53
-54
-46
-33
-18
1
19
34
40
45
63
80
91
85
66
51
45
36
21
10
5
-2
-14
-31
-47
-66
-81
-82
-80
-83
-91
-93
-88
-84
-80
-64
-44
-27
-8
5
11
10
0
-5
-10
-14
-13
-7
0
4
-4
-11
-8
-3
5
12
9
-11
-30
-38
-36
-29
-27
-26
-18
-3
4
-4
-22
-34
-34
-28
-24
-14
2
22
44
65
66
61
52
38
35
39
43
47
57
58
54
56
53
52
49
43
37
19
-4
-21
-28
-24
-17
-5
8
12
2
-15
-34
-41
-34
-23
-12
-4
-1
0
3
-6
-11
-11
-17
-20
-24
-26
-27
-25
-18
-15
-12
-6
-7
-14
-25
-36
-37
-29
-11
9
12
7
-4
-8
-7
3
23
50
68
67
52
41
38
33
29
28
20
10
1
-8
-8
-11
-23
-19
-5
7
15
16
13
19
18
12
6
-2
-6
-11
-16
-10
4
9
3
-6
-12
-18
-18
-14
-15
-14
-16
-28
-28
-16
-1
5
-3
-7
4
16
8
-16
-33
-41
-41
-37
-35
-20
12
40
60
70
64
54
39
32
33
35
44
56
60
59
54
45
31
16
3
-16
-31
-41
-52
-52
-50
-49
-50
-50
-45
-39
-36
-32
-21
-10
-5
-9
-9
-1
-3
-10
-23
-39
-54
-67
-71
-72
-64
-41
-16
-4
-2
0
3
2
1
10
22
33
38
41
51
55
50
38
41
58
75
72
65
62
59
56
61
72
78
70
62
63
65
63
63
61
50
31
15
-8
-30
-40
-46
-49
-47
-39
-30
-16
-1
8
11
9
5
-6
-12
-18
-27
-32
-40
-50
-56
-63
-72
-70
-61
-58
-55
-48
-36
-28
-26
-26
-22
-13
-3
9
16
10
1
-11
-10
8
17
12
3
-12
-31
-46
-55
-58
-58
-56
-51
-46
-48
-48
-46
-31
-11
-1
-2
0
10
35
60
73
79
79
80
81
73
63
58
67
73
65
59
55
50
41
31
17
10
4
-3
-7
-5
6
11
13
13
9
9
15
19
18
27
40
45
46
42
38
23
-1
-22
-37
-41
-37
-30
-20
-13
-13
-8
3
-3
-13
-22
-29
-45
-65
-76
-79
-81
-75
-60
-43
-34
-30
-22
-9
-4
-9
-14
-16
-19
-26
-32
-26
-4
22
39
40
37
25
14
8
4
-1
4
1
-9
-14
-14
-5
2
9
20
26
26
22
27
40
48
47
34
11
-2
-10
-10
-2
7
11
12
12
10
8
9
19
25
29
33
28
24
24
27
31
32
28
10
-4
-12
-20
-16
-13
-20
-30
-35
-37
-43
-40
-34
-22
-2
16
29
27
22
17
9
2
-4
-9
-3
6
11
13
7
-9
-31
-49
-67
-87
-96
-103
-100
-85
-65
-43
-25
-8
6
9
14
12
7
18
44
66
84
99
111
112
102
85
78
75
71
68
55
36
14
-8
-20
-30
-45
-54
-52
-41
-35
-39
-44
-46
-46
-49
-35
-10
7
16
21
28
28
20
7
-10
-12
-3
7
11
4
-8
-14
-20
-23
-19
-15
-8
1
5
-2
-16
-17
-4
9
3
-15
-26
-19
-5
4
5
-5
-14
-15
-9
-6
-7
-12
-10
-7
-6
-5
-15
-19
-14
-19
-17
-16
-23
-33
-47
-54
-60
-57
-49
-43
-35
-28
-20
-14
0
17
35
49
63
79
89
92
84
68
48
37
35
30
24
23
26
28
33
32
23
14
10
5
9
14
11
17
30
32
23
9
12
25
33
37
41
40
24
2
-13
-28
-37
-47
-60
-69
-70
-66
-66
-67
-76
-85
-80
-67
-58
-49
-38
-14
20
46
61
67
64
51
32
18
15
15
25
27
13
1
-3
-12
-28
-42
-58
-66
-77
-90
-88
-77
-62
-44
-36
-38
-38
-31
-13
-4
1
4
-3
2
13
27
43
51
49
32
9
-15
-31
-32
-27
-16
-7
-5
-8
-11
-12
-18
-10
10
31
54
70
80
87
84
74
76
78
78
77
70
60
47
37
27
15
-5
-26
-29
-25
-21
-6
10
22
27
9
-5
-18
-26
-21
-17
-13
-8
-4
-9
-17
-17
-12
-14
-26
-34
-32
-20
-10
0
-2
-14
-27
-34
-32
-27
-21
-17
-16
-24
-33
-39
-44
-54
-65
-64
-51
-35
-13
0
7
10
6
4
4
2
-6
-15
-19
-7
3
9
17
28
34
24
7
-7
-14
-14
-16
-16
-9
-25
-44
-46
-40
-28
-16
-12
-12
-12
-13
-11
-2
-5
-13
-20
-20
-13
-8
-4
7
21
31
43
44
40
38
37
42
46
54
57
56
54
44
32
26
15
1
-12
-25
-30
-29
-17
-9
-13
-17
-10
8
15
8
5
-1
-9
-15
-17
-12
-11
-12
1
20
31
36
45
44
32
15
1
-8
-21
-30
-30
-29
-27
-30
-31
-29
-15
6
14
9
-4
-16
-22
-22
-21
-19
-8
-2
-3
-1
3
10
16
22
29
35
39
36
26
14
2
-18
-30
-33
-35
-28
-15
-9
-13
-11
-1
8
10
8
14
20
25
22
19
23
25
27
24
14
2
-10
-15
-24
-34
-44
-53
-62
-71
-75
-76
-76
-70
-54
-33
-8
23
36
41
42
27
9
0
4
15
22
18
19
25
31
28
6
-22
-28
-27
-26
-21
-26
-21
-13
-12
-14
-14
1
21
42
55
59
59
54
46
32
16
-4
-21
-20
-6
0
-3
2
6
-4
-18
-28
-38
-52
-65
-65
-51
-40
-17
6
27
46
54
53
43
34
27
21
24
25
31
37
45
61
78
85
83
76
66
51
27
-5
-22
-23
-18
-9
-5
5
15
10
10
12
9
6
-3
-16
-29
-30
-23
-17
-11
-16
-23
-25
-30
-34
-34
-35
-37
-44
-54
-72
-88
-92
-81
-71
-57
-42
-34
-25
-23
-18
-10
-3
8
21
29
29
26
20
19
31
38
31
24
20
11
3
-10
-25
-25
-31
-51
-66
-66
-60
-55
-43
-27
-16
-14
-14
-6
5
13
14
20
34
49
66
82
97
105
89
65
49
40
39
39
39
36
30
17
3
-6
-15
-17
-9
4
7
7
9
4
2
11
31
42
45
41
39
50
56
54
48
47
51
50
42
19
-7
-15
-23
-37
-44
-44
-56
-70
-68
-45
-17
3
22
35
42
43
42
26
3
-20
-48
-63
-69
-61
-40
-27
-20
-21
-33
-46
-54
-60
-63
-57
-56
-50
-35
-28
-30
-24
-17
-19
-20
-19
-3
21
36
40
47
54
57
49
31
14
-2
-13
-15
-13
2
18
23
19
4
-6
-14
-13
-4
6
9
12
12
2
-14
-21
-11
11
35
57
74
77
68
59
46
27
3
-16
-14
-8
-13
-19
-27
-36
-38
-31
-11
18
43
61
73
72
50
26
14
19
28
33
32
24
18
17
13
2
-10
-24
-41
-50
-58
-67
-84
-105
-111
-104
-84
-62
-48
-46
-46
-48
-43
-24
-16
-6
6
16
21
20
30
52
73
83
85
78
65
47
27
8
-13
-24
-28
-23
-9
-8
-10
-8
-7
-16
-16
-2
19
35
43
50
56
62
60
51
45
48
58
60
55
52
47
42
33
15
6
6
6
-2
-18
-32
-46
-71
-97
-105
-102
-88
-75
-71
-69
-67
-60
-53
-45
-39
-39
-42
-46
-41
-27
-16
-14
-17
-15
-14
-10
4
27
38
29
20
21
30
39
41
45
43
34
18
-6
-19
-20
-21
-23
-18
2
19
23
20
22
30
26
24
21
20
21
20
22
19
14
13
13
15
18
4
-18
-25
-21
-15
-8
4
15
18
12
3
-2
-5
-3
5
13
29
39
49
62
60
49
40
34
29
24
15
3
-2
-15
-29
-31
-26
-10
5
14
16
14
6
-11
-23
-34
-33
-31
-39
-47
-58
-61
-45
-32
-37
-41
-42
-40
-41
-49
-57
-61
-59
-54
-46
-35
-26
-21
-29
-41
-41
-30
-16
5
30
48
59
60
55
44
41
42
40
34
26
21
19
25
37
47
53
50
35
27
30
30
29
27
38
51
48
41
33
30
22
11
6
3
4
0
-13
-26
-33
-39
-45
-49
-47
-40
-40
-40
-38
-29
-17
-7
-2
5
12
13
9
1
-6
-5
2
14
20
24
24
17
9
4
-7
-22
-30
-27
-12
-5
-1
6
9
18
31
31
26
20
13
7
10
12
15
28
28
12
-4
-12
-23
-32
-43
-52
-53
-53
-58
-75
-86
-88
-90
-87
-70
-46
-20
-1
7
9
3
4
12
27
40
42
42
41
36
25
17
11
16
24
23
22
9
-5
-12
-19
-20
-19
-16
1
9
9
15
20
24
20
21
32
35
31
26
23
20
19
24
28
32
36
33
23
21
22
9
-12
-23
-24
-30
-38
-42
-37
-26
-16
-19
-29
-31
-31
-31
-35
-39
-28
-9
7
9
7
10
13
21
39
53
52
35
17
10
1
-6
-6
-11
-11
-12
-16
-21
-33
-46
-48
-40
-37
-29
-20
-12
0
6
0
-8
-8
-9
-4
19
43
57
67
65
51
34
19
5
1
16
31
34
28
18
13
10
4
-6
-15
-7
8
16
23
28
35
51
61
58
45
29
12
0
1
-1
-4
-7
-13
-26
-46
-59
-68
-72
-65
-53
-42
-51
-68
-83
-99
-116
-114
-105
-92
-68
-44
-21
-14
-21
-30
-40
-38
-38
-40
-38
-33
-19
7
28
36
29
27
31
37
42
46
62
71
78
76
67
67
63
59
54
44
40
39
41
51
58
64
61
55
47
35
24
23
23
15
12
6
-1
-1
1
1
6
13
10
-1
-8
0
3
3
14
20
24
39
51
46
22
-5
-29
-38
-34
-29
-32
-37
-48
-63
-75
-88
-94
-88
-80
-75
-54
-27
-6
6
18
37
53
63
62
53
46
36
27
7
-11
-14
-15
-16
-7
2
-6
-22
-42
-63
-77
-97
-110
-106
-91
-60
-37
-15
8
21
29
29
25
28
35
38
36
26
18
21
27
36
44
40
27
12
5
3
7
5
-1
2
13
24
26
16
2
-11
-21
-29
-35
-28
-18
-16
-12
-6
-2
4
14
21
26
26
15
0
-16
-27
-25
-20
-17
0
21
34
40
39
24
-4
-30
-36
-33
-30
-30
-28
-15
-1
4
4
-4
-11
-2
17
29
34
36
51
68
75
86
95
97
93
91
88
76
46
16
-3
-19
-27
-36
-39
-38
-39
-36
-39
-43
-43
-40
-32
-21
-8
3
16
16
11
5
-1
2
3
6
10
10
-1
-13
-17
-9
-4
-16
-40
-62
-74
-73
-69
-53
-28
-13
-15
-26
-38
-37
-26
-20
-9
15
22
20
26
31
35
33
28
25
31
31
12
-15
-32
-40
-42
-37
-27
-5
20
40
46
40
33
30
22
22
25
13
4
3
2
1
-10
-20
-17
-13
-18
-29
-39
-40
-32
-31
-30
-34
-41
-31
-23
-22
-19
-15
0
9
8
-1
-8
-6
3
19
35
42
34
21
19
15
12
13
23
38
38
36
41
47
43
41
51
57
52
42
40
42
40
30
25
24
21
20
15
10
4
-15
-35
-57
-76
-87
-96
-104
-104
-93
-82
-66
-43
-16
10
30
46
61
68
73
76
60
32
15
8
10
22
27
28
33
38
44
35
12
-12
-31
-48
-62
-73
-75
-66
-55
-47
-39
-34
-29
-33
-38
-39
-43
-49
-55
-63
-71
-78
-76
-63
-45
-23
-4
17
29
17
8
6
14
26
32
32
24
19
17
11
8
2
-8
3
23
27
23
30
35
32
37
46
48
38
23
13
7
-3
-4
8
20
21
16
16
14
11
16
22
24
25
26
35
34
27
19
7
3
7
4
2
1
-7
-9
-8
-13
-6
1
3
6
6
3
-2
2
10
6
-7
-23
-37
-49
-46
-40
-25
-9
-4
5
11
18
24
23
14
2
-8
-19
-39
-64
-82
-74
-55
-39
-32
-32
-36
-42
-51
-57
-59
-58
-41
-18
0
21
39
58
77
79
71
60
36
20
16
18
20
18
11
9
12
7
-12
-29
-40
-38
-41
-46
-32
-19
-16
-15
-22
-22
-15
-3
17
32
46
55
50
42
30
26
33
28
3
-19
-29
-28
-15
3
18
22
11
0
-9
-11
-15
-21
-18
2
21
32
41
37
25
14
12
27
37
36
17
-11
-24
-25
-23
-20
-16
-2
15
19
16
10
-1
-7
-7
0
9
21
29
28
16
8
-4
-23
-42
-60
-65
-64
-54
-40
-43
-59
-65
-64
-58
-59
-62
-57
-51
-42
-28
-10
4
17
32
42
51
62
67
60
43
22
8
10
13
13
7
9
23
34
33
22
7
0
-2
-4
-4
-7
-12
-16
-16
-7
0
11
16
3
-16
-20
-10
4
13
12
21
33
33
24
11
4
-4
-2
12
34
56
68
81
94
87
67
55
40
25
14
11
7
-5
-10
-15
-31
-37
-43
-51
-53
-64
-75
-68
-69
-75
-65
-54
-40
-27
-23
-26
-32
-28
-21
-10
11
26
29
29
25
11
-4
-19
-28
-23
-10
6
7
0
-3
-4
-2
0
-1
4
11
19
28
24
23
20
18
17
15
16
14
2
-8
-8
-5
-6
-14
-28
-29
-22
-14
-3
0
-8
-9
-11
-12
-5
2
9
15
26
34
36
45
51
52
55
59
58
35
12
-1
-8
-14
-20
-17
-12
-8
-7
-12
-22
-32
-43
-51
-51
-46
-32
-24
-12
4
14
25
29
30
27
12
-4
-16
-16
5
29
35
35
27
13
8
10
16
20
14
7
-1
-18
-26
-21
-9
-2
5
22
41
58
73
77
71
54
31
21
19
15
15
15
20
16
1
-15
-35
-52
-57
-43
-31
-27
-28
-35
-40
-35
-35
-45
-48
-46
-36
-28
-32
-36
-39
-29
-14
2
11
6
-10
-38
-65
-75
-74
-64
-46
-25
2
22
35
58
76
73
67
63
60
52
41
39
42
50
48
33
16
6
-13
-32
-32
-23
-12
-9
-9
-6
-13
-15
-6
-6
-5
8
8
-1
-5
-11
-4
11
16
24
33
36
34
32
27
15
9
12
7
-1
-14
-27
-38
-50
-58
-65
-63
-45
-22
5
27
30
32
41
53
59
65
72
72
62
52
32
6
-8
-8
-8
-10
-7
0
3
-4
-17
-31
-50
-67
-81
-77
-59
-41
-21
-3
10
15
9
-5
-20
-34
-36
-27
-11
9
18
23
31
34
32
28
31
38
49
48
37
26
14
4
-5
-10
-7
-7
-5
1
4
2
0
-5
-6
-9
-21
-28
-24
-13
-1
14
32
43
49
51
52
52
52
52
46
36
20
9
10
17
12
-2
-25
-48
-66
-78
-83
-76
-59
-51
-48
-49
-51
-57
-63
-51
-35
-20
3
21
29
28
24
19
9
-5
-8
-11
-25
-38
-39
-30
-17
3
23
31
30
28
23
19
22
32
43
50
48
38
18
0
-11
-16
-9
8
22
39
54
52
47
42
37
28
15
2
2
9
20
30
30
20
9
-6
-22
-30
-30
-30
-25
-11
3
4
-1
-4
0
1
7
14
25
38
47
55
56
56
38
15
-8
-35
-44
-39
-37
-35
-29
-25
-30
-43
-52
-53
-56
-57
-52
-43
-36
-34
-23
-10
-2
3
7
11
13
13
11
14
7
5
7
5
9
7
2
-4
-7
-1
4
-2
-15
-26
-38
-43
-46
-45
-32
-13
12
33
48
59
67
69
52
30
25
22
15
14
18
25
23
15
7
2
-11
-33
-47
-52
-52
-51
-47
-29
-9
3
6
5
8
2
-9
-10
0
15
30
36
37
40
35
28
19
6
-1
-4
-7
0
5
13
25
30
38
40
33
23
18
8
-16
-32
-34
-27
-17
-4
3
-5
-22
-33
-35
-29
-29
-38
-45
-44
-40
-35
-34
-31
-24
-26
-31
-28
-28
-24
-12
-1
10
19
27
30
31
33
33
27
22
20
21
25
27
26
24
19
16
19
27
29
20
11
3
-4
-10
-9
-10
-11
-5
-3
9
21
30
32
20
2
-16
-18
-6
4
4
2
1
4
6
-4
-21
-35
-41
-36
-30
-28
-23
-19
-16
-17
-26
-34
-41
-47
-49
-48
-51
-53
-44
-27
-17
-17
-10
3
13
24
29
36
45
57
72
78
74
72
65
59
56
44
32
30
17
4
-1
-5
-11
-27
-40
-45
-50
-54
-50
-29
-8
-5
-11
-17
-17
-18
-23
-33
-38
-31
-20
-13
-17
-19
-18
-23
-28
-31
-36
-35
-29
-17
-8
-10
-9
2
11
17
27
40
41
41
36
36
43
36
21
13
16
32
46
58
65
51
20
-6
-15
-16
-18
-17
-11
-9
-8
-14
-12
-4
-4
-3
-11
-20
-23
-24
-19
-16
-6
2
3
1
-6
-20
-42
-55
-58
-53
-43
-34
-18
-12
-14
-15
-18
-27
-31
-21
-11
-2
4
10
16
19
18
25
36
26
10
4
15
28
33
38
44
52
48
39
35
24
22
20
19
39
49
47
44
29
11
-16
-40
-51
-42
-32
-23
-7
-2
-11
-24
-36
-46
-47
-38
-24
-13
-1
11
9
-9
-26
-38
-38
-27
-14
2
10
-4
-30
-41
-46
-52
-51
-44
-42
-41
-39
-39
-34
-30
-18
-5
-1
-2
-3
11
25
32
37
27
14
-3
-12
-3
5
5
2
-6
-16
-22
-32
-33
-26
-16
-2
15
32
41
47
63
84
107
111
101
94
84
67
58
59
62
61
56
59
57
53
50
59
63
50
29
1
-13
-20
-24
-21
-15
-14
-8
1
2
4
5
4
2
1
4
6
5
5
-4
-17
-37
-51
-48
-40
-39
-34
-25
-22
-33
-51
-71
-76
-71
-77
-82
-79
-77
-79
-86
-90
-88
-88
-98
-111
-116
-109
-99
-80
-54
-31
-12
4
16
20
20
24
32
41
49
48
46
45
43
32
19
6
-12
-31
-52
-69
-75
-64
-43
-19
4
17
28
35
39
35
43
63
82
102
118
130
131
120
109
94
86
80
80
71
69
61
66
80
74
64
69
93
110
119
146
181
196
205
240
296
320
321
334
360
351
320
286
256
195
129
61
-2
-73
-142
-204
-260
-299
-328
-369
-417
-444
-454
-462
-475
-475
-452
-432
-441
-446
-444
-469
-511
-546
-586
-657
-740
-800
-854
-944
-1062
-1144
-1189
-1259
-1353
-1384
-1384
-1406
-1453
-1433
-1407
-1366
-1296
-1205
-1101
-1006
-912
-825
-734
-642
-543
-430
-310
-187
-71
34
134
230
320
403
498
606
721
842
972
1109
1245
1369
1486
1606
1725
1811
1878
1954
2055
2220
2416
2599
2715
2714
2657
2631
2641
2661
2642
2555
2424
2312
2256
2272
2294
2202
1968
1649
1332
1080
870
647
373
33
-305
-570
-749
-868
-1012
-1226
-1495
-1766
-1996
-2160
-2271
-2366
-2460
-2538
-2559
-2496
-2362
-2198
-2046
-1956
-1923
-1903
-1848
-1738
-1607
-1476
-1363
-1265
-1156
-1035
-913
-815
-775
-798
-841
-863
-862
-848
-828
-802
-772
-738
-698
-642
-582
-533
-492
-442
-386
-321
-245
-172
-110
-56
-15
22
52
68
71
56
24
-36
-108
-168
-223
-273
-322
-373
-423
-472
-514
-525
-506
-464
-405
-335
-246
-138
-17
127
286
456
629
815
1030
1264
1495
1733
1982
2236
2497
2749
2993
3218
3405
3556
3664
3739
3803
3854
3881
3882
3864
3833
3784
3701
3576
3407
3186
2902
2583
2257
1936
1593
1217
809
400
-6
-420
-839
-1262
-1687
-2107
-2497
-2841
-3132
-3378
-3583
-3727
-3821
-3884
-3911
-3905
-3865
-3805
-3737
-3649
-3538
-3405
-3249
-3067
-2869
-2672
-2483
-2294
-2121
-1965
-1813
-1671
-1530
-1387
-1237
-1065
-881
-701
-523
-344
-163
14
183
346
515
689
860
1019
1161
1278
1375
1456
1507
1514
1475
1409
1336
1240
1117
973
799
599
384
156
-82
-316
-536
-739
-916
-1059
-1168
-1260
-1345
-1411
-1461
-1490
-1491
-1474
-1420
-1337
-1254
-1153
-1025
-878
-716
-542
-361
-157
55
255
460
675
892
1111
1344
1603
1875
2146
2432
2742
3064
3399
3733
4040
4302
4520
4726
4926
5097
5208
5262
5275
5237
5144
5000
4803
4542
4197
3788
3344
2860
2338
1781
1213
655
88
-479
-1030
-1557
-2049
-2517
-2945
-3321
-3653
-3932
-4156
-4319
-4441
-4535
-4598
-4629
-4629
-4599
-4547
-4487
-4410
-4334
-4251
-4142
-4004
-3847
-3691
-3541
-3373
-3171
-2958
-2734
-2496
-2260
-2021
-1772
-1514
-1240
-968
-686
-389
-89
216
505
768
1000
1198
1371
1517
1623
1697
1761
1815
1834
1788
1696
1587
1486
1385
1257
1087
886
692
509
333
176
18
-171
-346
-466
-530
-564
-632
-722
-766
-769
-746
-742
-760
-785
-802
-776
-708
-632
-609
-618
-591
-477
-292
-104
44
179
353
583
877
1210
1561
1906
2239
2628
3115
3637
4074
4379
4615
4878
5175
5412
5508
5512
5471
5399
5291
5130
4919
4628
4226
3737
3252
2805
2358
1873
1355
862
400
-71
-552
-1015
-1463
-1916
-2358
-2753
-3103
-3421
-3722
-3995
-4200
-4345
-4458
-4555
-4629
-4674
-4695
-4713
-4726
-4711
-4643
-4530
-4381
-4179
-3946
-3710
-3488
-3269
-3034
-2794
-2568
-2347
-2108
-1848
-1590
-1336
-1060
-759
-452
-165
104
350
533
666
764
855
945
1016
1077
1162
1263
1355
1418
1426
1377
1284
1151
1011
863
704
575
486
414
333
238
130
18
-101
-236
-385
-532
-642
-698
-696
-659
-631
-618
-593
-522
-411
-311
-245
-223
-230
-226
-169
-39
137
305
426
530
674
854
1059
1262
1473
1737
2086
2547
3045
3463
3735
3895
4087
4393
4751
5044
5189
5208
5193
5221
5284
5303
5174
4863
4432
3993
3607
3257
2879
2391
1817
1217
632
99
-407
-898
-1386
-1873
-2356
-2815
-3213
-3521
-3738
-3907
-4074
-4223
-4335
-4407
-4418
-4379
-4335
-4351
-4419
-4472
-4442
-4332
-4198
-4101
-4054
-4027
-3971
-3827
-3589
-3295
-3024
-2806
-2618
-2403
-2125
-1767
-1358
-976
-672
-436
-196
96
432
750
1009
1206
1325
1397
1486
1619
1744
1795
1748
1639
1506
1354
1192
1000
763
509
261
45
-114
-224
-279
-313
-382
-486
-591
-643
-660
-648
-603
-570
-608
-698
-710
-605
-449
-379
-347
-248
-139
-113
-169
-137
-51
-67
-230
-276
-6
359
562
621
892
1424
1950
2326
2755
3392
3930
4119
4142
4446
5006
5442
5571
5662
5952
6212
6211
6043
5961
5873
5569
5020
4446
4017
3610
3089
2451
1818
1253
703
95
-510
-1011
-1422
-1891
-2498
-3048
-3353
-3494
-3686
-3952
-4101
-4087
-4107
-4278
-4410
-4340
-4257
-4381
-4587
-4622
-4512
-4495
-4553
-4484
-4280
-4161
-4173
-4087
-3825
-3602
-3533
-3442
-3155
-2781
-2520
-2280
-1877
-1377
-998
-733
-387
37
340
475
642
936
1209
1376
1516
1690
1821
1852
1866
1896
1821
1578
1306
1126
954
695
430
247
68
-182
-383
-402
-368
-471
-643
-704
-681
-750
-901
-942
-841
-778
-833
-863
-771
-663
-629
-600
-515
-440
-446
-447
-306
-86
43
46
34
77
172
411
921
1574
2048
2323
2786
3669
4564
4922
4795
4752
5046
5377
5531
5723
6112
6436
6498
6495
6713
6950
6732
5976
5083
4403
3871
3302
2666
2042
1432
807
180
-382
-846
-1275
-1767
-2393
-3037
-3553
-3909
-4188
-4430
-4544
-4533
-4586
-4778
-4878
-4716
-4448
-4377
-4538
-4722
-4769
-4698
-4558
-4295
-3939
-3657
-3535
-3416
-3171
-2871
-2690
-2668
-2651
-2587
-2470
-2256
-1879
-1399
-998
-714
-442
-133
98
193
263
393
502
511
518
646
854
986
1005
1018
1058
1018
844
655
497
288
2
-244
-362
-439
-575
-721
-779
-797
-867
-965
-1019
-1041
-1096
-1161
-1190
-1185
-1183
-1163
-1066
-912
-748
-607
-438
-199
72
269
338
379
546
845
1098
1204
1310
1573
1934
2286
2728
3301
3798
4044
4211
4556
4975
5160
5107
5136
5390
5672
5833
6054
6406
6621
6505
6262
6134
5961
5492
4822
4263
3862
3393
2781
2196
1716
1202
594
-4
-537
-1114
-1780
-2389
-2871
-3333
-3838
-4308
-4665
-4927
-5101
-5156
-5145
-5199
-5329
-5425
-5445
-5503
-5651
-5742
-5675
-5524
-5351
-5058
-4610
-4204
-3946
-3696
-3324
-2992
-2859
-2775
-2526
-2164
-1855
-1542
-1098
-634
-363
-256
-97
142
251
169
114
241
423
544
691
902
1068
1080
999
944
892
749
529
337
213
132
93
123
188
208
140
-1
-166
-329
-439
-497
-564
-653
-717
-738
-746
-772
-774
-738
-719
-742
-756
-687
-557
-447
-364
-205
36
238
317
361
508
767
1077
1472
2010
2599
3031
3257
3524
4090
4830
5404
5591
5562
5670
6052
6566
6982
7180
7107
6827
6534
6437
6525
6499
6055
5274
4502
3938
3494
2940
2237
1518
833
140
-601
-1287
-1839
-2355
-2906
-3452
-3917
-4290
-4618
-4871
-4958
-4953
-5043
-5296
-5585
-5735
-5770
-5818
-5960
-6122
-6181
-6094
-5839
-5458
-5023
-4659
-4407
-4140
-3749
-3305
-2982
-2843
-2774
-2604
-2322
-1973
-1549
-1096
-683
-352
-25
391
800
1039
1075
1079
1159
1241
1286
1340
1438
1519
1491
1382
1263
1123
898
578
232
-83
-344
-542
-672
-741
-786
-821
-863
-917
-973
-1018
-1042
-1040
-1051
-1049
-988
-858
-706
-591
-516
-463
-380
-202
50
279
382
362
340
418
554
644
629
535
474
616
1120
1891
2527
2728
2745
3170
4165
5207
5670
5523
5344
5590
6186
6800
7227
7391
7275
6989
6801
6879
6983
6682
5923
5069
4439
3995
3471
2736
1917
1194
594
11
-636
-1277
-1840
-2347
-2870
-3399
-3894
-4342
-4731
-4981
-5041
-5028
-5135
-5405
-5624
-5605
-5454
-5417
-5583
-5826
-5980
-5953
-5731
-5360
-4991
-4769
-4614
-4326
-3866
-3409
-3117
-2927
-2709
-2426
-2126
-1775
-1341
-903
-546
-248
97
454
753
996
1203
1373
1409
1324
1261
1287
1295
1168
956
768
610
426
217
30
-141
-335
-545
-681
-708
-712
-756
-850
-934
-987
-1036
-1109
-1191
-1252
-1303
-1347
-1357
-1295
-1141
-948
-791
-687
-607
-507
-406
-335
-291
-248
-146
28
220
380
529
795
1331
2102
2826
3232
3331
3516
4140
5109
5962
6343
6351
6356
6666
7275
7943
8383
8391
8023
7624
7514
7697
7774
7333
6411
5414
4716
4256
3745
3029
2169
1310
462
-399
-1189
-1830
-2356
-2886
-3490
-4120
-4719
-5239
-5611
-5729
-5682
-5680
-5884
-6216
-6419
-6376
-6200
-6132
-6276
-6476
-6486
-6174
-5630
-5070
-4673
-4432
-4179
-3769
-3233
-2801
-2647
-2699
-2706
-2498
-2098
-1666
-1287
-905
-452
105
657
1050
1232
1241
1222
1285
1402
1505
1527
1494
1461
1449
1386
1210
914
543
154
-214
-561
-888
-1164
-1344
-1402
-1395
-1374
-1354
-1321
-1272
-1242
-1284
-1382
-1481
-1520
-1506
-1479
-1427
-1312
-1104
-842
-586
-356
-177
-68
-27
14
111
244
351
409
500
690
966
1279
1691
2282
2990
3567
3982
4533
5352
6146
6515
6593
6811
7234
7527
7543
7638
8069
8503
8497
8144
7873
7755
7412
6624
5678
4906
4223
3397
2496
1809
1354
804
-41
-947
-1579
-2034
-2620
-3374
-4042
-4481
-4838
-5287
-5711
-5906
-5918
-5937
-6009
-6004
-5884
-5805
-5886
-6032
-6098
-6125
-6159
-6146
-5978
-5651
-5264
-4840
-4346
-3816
-3389
-3122
-2893
-2612
-2355
-2185
-1988
-1616
-1080
-556
-108
378
898
1282
1370
1283
1271
1308
1242
1111
1093
1227
1350
1340
1288
1267
1159
843
399
12
-268
-498
-711
-867
-923
-918
-946
-1054
-1218
-1380
-1529
-1716
-1953
-2139
-2165
-2069
-1954
-1815
-1581
-1254
-921
-632
-362
-149
-47
4
113
300
422
436
537
852
1246
1538
1808
2342
3125
3763
4036
4239
4796
5565
6030
6079
6156
6623
7261
7660
7814
8033
8348
8448
8193
7863
7707
7553
7085
6346
5669
5170
4628
3840
2901
2003
1166
288
-649
-1474
-2076
-2577
-3156
-3787
-4304
-4705
-5089
-5494
-5807
-5962
-6060
-6197
-6295
-6223
-6066
-6018
-6119
-6249
-6297
-6269
-6172
-5959
-5634
-5277
-4924
-4520
-4015
-3493
-3101
-2864
-2712
-2595
-2480
-2284
-1915
-1418
-925
-504
-57
460
907
1162
1259
1300
1313
1277
1217
1237
1337
1411
1356
1167
967
786
559
278
0
-230
-422
-625
-830
-988
-1072
-1124
-1176
-1196
-1129
-1012
-909
-865
-886
-961
-1095
-1264
-1431
-1517
-1485
-1329
-1069
-741
-424
-211
-137
-166
-191
-180
-116
-38
104
388
774
1200
1628
2229
2957
3635
4075
4413
5031
5828
6470
6579
6550
6772
7265
7671
7813
8125
8516
8760
8426
7872
7506
7318
6965
6223
5475
4856
4365
3629
2790
1975
1216
422
-454
-1209
-1800
-2260
-2808
-3380
-3928
-4406
-4884
-5385
-5822
-6157
-6402
-6606
-6777
-6828
-6707
-6512
-6353
-6346
-6436
-6572
-6620
-6562
-6359
-6033
-5579
-4986
-4352
-3760
-3363
-3072
-2806
-2525
-2270
-2011
-1636
-1105
-504
-6
394
758
1080
1296
1419
1536
1686
1770
1728
1658
1670
1694
1612
1418
1199
1000
760
526
329
188
4
-278
-601
-922
-1188
-1412
-1531
-1553
-1461
-1311
-1136
-1024
-1037
-1144
-1299
-1471
-1697
-1901
-1991
-1816
-1461
-1020
-645
-345
-105
41
142
153
188
140
136
137
253
501
888
1628
2471
3385
3958
4435
5007
5712
6396
6588
6685
6782
7233
7710
8135
8550
8846
9042
8858
8703
8543
8402
7887
7010
6168
5438
4792
3848
2821
1883
1109
381
-441
-1202
-1890
-2488
-3122
-3781
-4343
-4868
-5278
-5692
-5918
-5983
-6047
-6141
-6377
-6434
-6407
-6226
-6155
-6267
-6456
-6678
-6718
-6692
-6445
-6196
-5871
-5516
-5104
-4554
-4013
-3472
-3071
-2685
-2407
-2157
-1883
-1559
-1124
-697
-216
280
821
1320
1697
1972
2137
2202
2087
1857
1621
1445
1309
1132
959
808
665
479
232
-5
-182
-328
-502
-706
-895
-1041
-1136
-1215
-1272
-1274
-1185
-1062
-1017
-1026
-1052
-1029
-1054
-1141
-1233
-1224
-1073
-880
-676
-467
-195
38
251
400
439
341
187
185
321
518
735
1264
2187
3215
3997
4579
5316
6129
6632
6592
6445
6601
6931
7085
7104
7368
7902
8351
8468
8474
8537
8475
8018
7230
6396
5626
4827
3888
2921
2079
1395
742
70
-556
-1113
-1668
-2323
-3035
-3732
-4388
-5031
-5669
-6196
-6544
-6745
-6851
-6877
-6782
-6604
-6458
-6393
-6384
-6398
-6470
-6592
-6650
-6575
-6383
-6090
-5664
-5056
-4311
-3585
-3003
-2559
-2211
-1985
-1912
-1903
-1809
-1575
-1228
-772
-197
446
1043
1506
1834
2019
2001
1794
1512
1256
1046
827
617
499
496
520
517
501
491
472
370
142
-169
-503
-836
-1161
-1448
-1629
-1656
-1498
-1259
-1036
-880
-790
-758
-843
-1045
-1325
-1523
-1572
-1498
-1357
-1143
-784
-310
205
603
831
887
874
868
827
779
749
1087
1820
2829
3742
4561
5542
6507
7203
7186
7042
7007
7232
7253
7061
7090
7373
7888
8049
8232
8311
8467
8195
7530
6709
5868
5139
4102
3055
1870
1005
234
-333
-774
-1130
-1401
-1854
-2347
-3002
-3654
-4455
-5356
-6241
-6921
-7344
-7544
-7529
-7235
-6727
-6185
-5829
-5659
-5572
-5612
-5791
-6206
-6547
-6726
-6584
-6261
-5751
-5013
-4109
-3153
-2421
-1884
-1628
-1497
-1576
-1715
-1827
-1785
-1546
-1134
-505
193
917
1550
2093
2440
2581
2461
2195
1821
1379
873
370
26
-119
-109
-28
168
387
545
470
164
-316
-877
-1514
-2192
-2713
-2965
-2895
-2647
-2269
-1809
-1310
-949
-905
-1100
-1457
-1914
-2406
-2782
-2922
-2806
-2410
-1837
-1102
-260
509
1209
1739
2141
2536
3105
3816
4774
5902
6572
7275
8440
9494
9887
10194
10305
10025
10141
10126
9272
8327
8174
7832
7416
7648
7893
7640
7345
6996
5983
5157
4297
2455
76
-1710
-3095
-4179
-4453
-4499
-4664
-4616
-4402
-4681
-4986
-5220
-5937
-6930
-7595
-8142
-8595
-8606
-8493
-8299
-7686
-6856
-6280
-5602
-4859
-4383
-3998
-3629
-3582
-3615
-3356
-3006
-2445
-1497
-477
364
1380
2258
2626
2692
2546
1961
1174
585
-43
-480
-507
-392
-387
-117
343
616
905
1071
907
543
139
-628
-1570
-2285
-2959
-3626
-3993
-4064
-4071
-3785
-3401
-3223
-3143
-3099
-3345
-3770
-4000
-4221
-4397
-4395
-4254
-4055
-3652
-3147
-2767
-2330
-1895
-1556
-1318
-1043
-898
-776
-606
-363
3
441
995
1624
2530
3608
5044
6915
9271
11870
14327
16433
18009
18998
18982
17991
16518
14980
13417
11885
10555
9541
8935
8415
7751
6871
5899
4732
3198
1426
-279
-1910
-3638
-5308
-6789
-7893
-8558
-8895
-8990
-8786
-8306
-7829
-7479
-7211
-6977
-6914
-7094
-7477
-7870
-8097
-8094
-7918
-7480
-6724
-5728
-4703
-3829
-3067
-2439
-2058
-2012
-2112
-2231
-2176
-1907
-1498
-829
86
1220
2326
3377
4286
4950
5228
5078
4512
3657
2714
1735
816
81
-382
-605
-607
-398
-111
90
101
-104
-530
-1142
-1979
-2890
-3750
-4537
-5269
-5850
-6115
-6108
-5921
-5694
-5372
-5008
-4746
-4624
-4641
-4592
-4614
-4762
-4946
-4978
-4792
-4535
-4178
-3695
-2993
-2353
-1752
-1175
-514
185
713
1201
1521
1900
2135
2383
2805
3414
4365
5531
7285
9479
12076
14759
17158
19144
20335
20645
19921
18565
16820
14948
12876
10689
8750
7280
6384
5627
4967
4364
3783
2965
1672
194
-1251
-2578
-4156
-6017
-7768
-9006
-9670
-10001
-9983
-9455
-8508
-7554
-6846
-6255
-5663
-5319
-5553
-6206
-6909
-7289
-7503
-7673
-7597
-7156
-6282
-5430
-4650
-3865
-3036
-2158
-1665
-1439
-1422
-1269
-915
-619
-309
5
633
1464
2264
3007
3644
4232
4516
4243
3572
2682
1896
1184
342
-432
-1040
-1279
-1303
-1327
-1213
-1044
-835
-877
-1228
-1654
-2157
-2664
-3426
-4320
-5118
-5684
-6002
-6313
-6487
-6379
-5951
-5356
-4867
-4440
-3936
-3529
-3290
-3427
-3684
-3800
-3880
-3749
-3690
-3284
-2702
-1989
-1159
-482
425
1152
1903
2574
3051
3494
3595
3914
4604
5660
7165
8882
11379
14339
17127
19155
20136
20662
20613
19669
17687
15070
12753
10788
8828
6629
4625
3594
3266
2894
1966
926
498
317
-375
-1928
-3667
-4899
-5934
-7322
-8873
-9747
-9445
-8707
-8258
-7921
-7071
-5692
-4595
-4379
-4626
-4760
-4845
-5327
-6270
-7106
-7380
-7244
-7136
-6985
-6498
-5522
-4416
-3534
-2877
-2273
-1630
-1041
-620
-329
-93
198
523
769
934
1220
1839
2629
3254
3449
3376
3198
2878
2258
1333
401
-345
-948
-1515
-1927
-1973
-1638
-1252
-1137
-1215
-1266
-1278
-1499
-2049
-2695
-3272
-3833
-4521
-5201
-5567
-5561
-5387
-5256
-5014
-4541
-3946
-3404
-3112
-3045
-3082
-3122
-3124
-3126
-3156
-3187
-3064
-2737
-2328
-1905
-1338
-517
513
1465
2100
2483
2872
3525
4385
5347
6575
8414
11011
13847
16228
17890
19092
19986
20146
19173
17314
15348
13642
11795
9373
6747
4853
4021
3549
2596
1258
375
244
147
-658
-1955
-2947
-3529
-4407
-5959
-7517
-8163
-7997
-7888
-8161
-8161
-7307
-6011
-5171
-4949
-4731
-4210
-3874
-4285
-5218
-5954
-6237
-6452
-6928
-7414
-7405
-6824
-6051
-5379
-4694
-3727
-2508
-1344
-463
223
896
1544
1960
2036
1926
1892
2044
2214
2210
2061
1948
1935
1849
1501
982
561
320
60
-392
-941
-1328
-1488
-1614
-1879
-2196
-2363
-2367
-2378
-2514
-2738
-2938
-3140
-3490
-4007
-4539
-4903
-5090
-5213
-5308
-5234
-4863
-4276
-3748
-3477
-3376
-3301
-3166
-3071
-3080
-3074
-2875
-2406
-1851
-1303
-746
-42
753
1428
1907
2403
3213
4375
5890
7806
10326
13193
15816
17723
18927
19751
20083
19532
17958
15925
14089
12482
10604
8286
6152
4844
4210
3438
2162
1014
653
770
468
-550
-1653
-2337
-3080
-4513
-6361
-7633
-7974
-8098
-8588
-8972
-8423
-7071
-5886
-5417
-5140
-4543
-3945
-4057
-4896
-5750
-6117
-6293
-6710
-7235
-7398
-7010
-6431
-5876
-5230
-4328
-3230
-2198
-1327
-451
473
1314
1897
2162
2249
2322
2413
2497
2409
2147
1826
1600
1500
1352
1124
913
778
592
244
-163
-444
-629
-955
-1424
-1835
-2047
-2154
-2397
-2724
-3007
-3224
-3515
-3941
-4376
-4618
-4746
-4807
-4915
-4966
-4865
-4695
-4445
-4185
-3966
-3735
-3554
-3375
-3263
-3066
-2850
-2498
-2044
-1711
-1306
-1041
-528
62
762
1359
1962
2746
3769
5329
7399
10163
13210
15898
18008
19540
20811
21276
20585
18796
16764
15095
13323
10892
7805
5205
3787
3197
2371
970
-158
-387
-69
-143
-905
-1623
-2024
-2649
-4167
-6048
-7263
-7590
-7924
-8869
-9667
-9398
-8168
-7131
-6716
-6270
-5227
-4089
-3765
-4330
-4849
-4850
-4780
-5327
-6294
-7022
-7116
-6905
-6658
-6198
-5235
-3891
-2620
-1496
-295
1248
2748
3774
4096
4138
4144
4093
3690
2929
2111
1431
850
229
-305
-425
-171
63
2
-258
-352
-76
235
129
-313
-831
-1230
-1703
-2430
-3236
-3702
-3896
-4217
-4715
-5061
-5011
-4716
-4614
-4728
-4705
-4380
-3999
-3794
-3674
-3492
-3223
-3092
-3176
-3293
-3161
-2822
-2445
-2148
-1812
-1443
-902
-316
226
770
1318
2019
3030
4380
5928
7971
10557
13272
15735
17741
19309
20597
21148
20497
18850
16915
14999
12921
10340
7354
4756
3058
1956
740
-665
-1697
-1875
-1598
-1631
-2181
-2574
-2637
-2946
-4051
-5527
-6495
-6848
-7321
-8349
-9204
-9131
-8306
-7560
-7168
-6628
-5495
-4308
-3819
-4045
-4239
-4042
-3860
-4289
-5215
-5907
-6057
-6021
-6116
-6094
-5528
-4369
-3104
-1993
-738
930
2713
4079
4784
5125
5357
5334
4757
3734
2677
1802
983
51
-836
-1277
-1110
-779
-687
-775
-617
-84
423
468
197
15
-121
-598
-1580
-2641
-3365
-3851
-4496
-5277
-5763
-5686
-5355
-5205
-5154
-4956
-4499
-4063
-3888
-3840
-3604
-3278
-3122
-3336
-3698
-3764
-3532
-3221
-2988
-2742
-2229
-1476
-761
-20
802
1845
2951
3939
4999
6580
8793
11577
14267
16509
18227
19398
20148
20322
19771
18646
17091
15171
13014
10358
7707
5469
3678
2060
254
-1432
-2204
-2202
-1883
-1845
-2026
-1934
-1978
-2690
-3904
-5119
-5803
-6343
-7489
-8728
-9493
-9373
-8770
-8363
-7974
-7127
-6163
-5367
-5107
-4972
-4424
-3964
-4038
-4642
-5369
-5626
-5631
-5867
-6001
-5878
-5235
-4289
-3405
-2244
-619
1163
2809
3889
4653
5417
5865
6011
5814
5344
4712
3581
2075
635
-570
-1293
-1695
-2011
-2085
-1996
-1602
-943
-405
-22
115
-1
-188
-702
-1483
-2185
-2792
-3362
-4132
-5069
-5729
-5974
-6061
-6120
-6135
-5920
-5498
-4997
-4522
-3993
-3408
-2882
-2563
-2480
-2524
-2497
-2408
-2426
-2510
-2580
-2384
-2019
-1521
-878
41
1186
2404
3558
4793
6510
8846
11694
14489
16823
18569
19862
20643
20742
20067
18924
17542
15751
13306
10365
7688
5775
4315
2610
609
-1048
-1804
-1941
-2067
-2325
-2381
-2180
-2268
-3045
-4138
-4847
-5141
-5749
-7008
-8339
-8905
-8724
-8432
-8395
-8179
-7392
-6420
-5821
-5618
-5252
-4519
-3953
-4149
-4889
-5521
-5696
-5778
-6170
-6659
-6788
-6386
-5698
-4971
-3981
-2465
-611
1137
2460
3514
4580
5532
5995
5815
5221
4559
3833
2836
1587
390
-429
-887
-1205
-1385
-1307
-887
-337
86
375
631
852
898
633
115
-451
-1055
-1804
-2727
-3636
-4316
-4810
-5307
-5793
-6044
-5893
-5459
-5026
-4657
-4253
-3771
-3354
-3107
-2922
-2672
-2433
-2438
-2716
-2989
-2941
-2594
-2221
-1968
-1767
-1388
-678
396
1771
3401
5339
7721
10597
13708
16627
18970
20531
21222
21087
20246
19012
17631
15969
13711
10818
7811
5391
3808
2496
854
-1023
-2356
-2661
-2392
-2236
-2315
-2250
-2080
-2416
-3526
-4739
-5352
-5689
-6634
-8183
-9265
-9224
-8693
-8627
-8776
-8226
-6862
-5635
-5321
-5338
-4723
-3600
-3050
-3632
-4641
-5173
-5270
-5574
-6250
-6717
-6533
-5973
-5393
-4639
-3262
-1282
671
2102
3188
4360
5597
6404
6447
5963
5361
4745
3924
2809
1637
701
39
-465
-849
-992
-780
-323
88
300
456
717
889
683
58
-618
-1069
-1598
-2527
-3696
-4604
-5050
-5366
-5827
-6174
-6032
-5531
-5115
-4952
-4721
-4198
-3570
-3186
-3084
-2990
-2852
-2802
-3045
-3300
-3372
-3104
-2789
-2510
-2233
-1789
-1010
-88
1079
2367
4167
6451
9281
12223
14981
17364
19241
20509
20817
20359
19316
18099
16526
14369
11536
8529
6011
4154
2617
905
-832
-2021
-2325
-2128
-1935
-1810
-1538
-1148
-1250
-1936
-2770
-3245
-3722
-4832
-6479
-7804
-8193
-8192
-8404
-8799
-8529
-7550
-6478
-5965
-5647
-4942
-3969
-3474
-3782
-4304
-4572
-4730
-5315
-6174
-6769
-6794
-6597
-6417
-5925
-4672
-2813
-957
605
2062
3645
5156
6185
6582
6454
6021
5314
4319
3094
1854
754
-182
-962
-1538
-1715
-1516
-1098
-687
-295
200
782
1200
1193
793
263
-247
-832
-1642
-2608
-3506
-4164
-4743
-5343
-5813
-5965
-5822
-5567
-5245
-4775
-4147
-3629
-3349
-3174
-2880
-2554
-2428
-2564
-2731
-2755
-2746
-2824
-2917
-2785
-2344
-1679
-976
-83
1178
2983
5365
8253
11435
14512
17161
19175
20513
21034
20760
19851
18645
17159
15045
12178
8997
6316
4461
2974
1296
-465
-1723
-2139
-2051
-1916
-1731
-1340
-912
-898
-1407
-2037
-2477
-3031
-4149
-5670
-6921
-7570
-8008
-8609
-9087
-8873
-8028
-7243
-6911
-6605
-5807
-4718
-4074
-4197
-4661
-4952
-5127
-5551
-6247
-6866
-7171
-7262
-7199
-6729
-5518
-3743
-1934
-381
1122
2835
4544
5750
6292
6442
6435
6127
5312
4158
3071
2216
1388
434
-517
-1132
-1297
-1211
-1069
-845
-421
137
540
649
640
689
642
172
-716
-1649
-2337
-2859
-3470
-4140
-4619
-4829
-4931
-5058
-5118
-4894
-4351
-3724
-3232
-2887
-2525
-2114
-1856
-1903
-2158
-2377
-2469
-2520
-2574
-2502
-2191
-1737
-1308
-879
-185
927
2399
4212
6485
9268
12234
14886
16970
18555
19665
20058
19494
18187
16576
14782
12558
9746
6757
4298
2520
911
-892
-2526
-3316
-3197
-2809
-2614
-2374
-1728
-978
-833
-1390
-2013
-2355
-2910
-4230
-5937
-7066
-7406
-7683
-8356
-8888
-8549
-7571
-6795
-6480
-6030
-4995
-3889
-3476
-3710
-3963
-3968
-4137
-4841
-5744
-6260
-6348
-6357
-6330
-5859
-4636
-2982
-1433
-97
1318
2962
4482
5467
5922
6105
6142
5881
5174
4161
3105
2100
1076
2
-935
-1463
-1536
-1369
-1193
-980
-575
16
552
813
867
886
815
460
-193
-910
-1511
-2109
-2864
-3672
-4283
-4590
-4727
-4855
-4897
-4715
-4289
-3773
-3339
-3011
-2722
-2443
-2268
-2293
-2442
-2526
-2469
-2393
-2405
-2390
-2156
-1741
-1320
-919
-290
766
2192
3946
6097
8701
11526
14180
16394
18030
18946
19106
18594
17577
16178
14337
12030
9368
6618
4210
2369
840
-803
-2572
-3796
-3961
-3384
-2747
-2305
-1764
-1083
-702
-835
-1214
-1557
-2096
-3208
-4659
-5790
-6419
-6931
-7604
-8088
-7900
-7250
-6709
-6464
-6135
-5345
-4350
-3766
-3725
-3879
-3945
-4065
-4481
-5058
-5487
-5752
-6038
-6267
-6009
-5014
-3647
-2399
-1283
71
1777
3423
4535
5112
5422
5596
5515
5032
4272
3435
2622
1837
1051
306
-300
-656
-734
-678
-594
-421
-92
295
501
488
473
514
377
-81
-673
-1143
-1543
-2167
-3033
-3845
-4410
-4807
-5151
-5347
-5227
-4820
-4276
-3716
-3191
-2702
-2301
-2063
-1986
-2035
-2065
-1996
-1866
-1718
-1562
-1328
-1028
-782
-614
-359
180
1048
2124
3510
5429
7890
10569
13033
15102
16767
17894
18300
17947
17007
15730
14149
12129
9585
6834
4472
2699
1108
-754
-2658
-3784
-3849
-3444
-3159
-2877
-2159
-1216
-769
-989
-1310
-1376
-1639
-2676
-4159
-5259
-5823
-6448
-7446
-8257
-8220
-7597
-7164
-7098
-6784
-5773
-4540
-3845
-3749
-3749
-3549
-3454
-3839
-4515
-5043
-5348
-5644
-5903
-5738
-4896
-3712
-2624
-1578
-186
1579
3197
4254
4870
5343
5694
5708
5300
4626
3831
2948
2042
1190
408
-291
-800
-956
-847
-726
-610
-308
192
583
656
617
685
675
308
-314
-831
-1215
-1772
-2600
-3412
-3948
-4303
-4679
-5038
-5167
-4983
-4610
-4190
-3765
-3289
-2774
-2316
-2020
-1877
-1728
-1481
-1219
-1022
-829
-540
-242
-113
-166
-228
-141
140
697
1637
3066
4988
7343
9923
12381
14448
16024
17087
17516
17195
16267
15030
13586
11666
9084
6265
3902
2183
577
-1327
-3101
-4014
-4011
-3704
-3441
-2948
-2007
-1022
-597
-702
-780
-718
-1086
-2255
-3747
-4835
-5489
-6266
-7324
-8095
-8081
-7570
-7210
-7083
-6649
-5617
-4442
-3713
-3446
-3236
-2965
-2985
-3497
-4204
-4702
-4983
-5291
-5563
-5403
-4629
-3518
-2420
-1348
-95
1362
2765
3827
4515
4993
5305
5336
4980
4300
3516
2789
2098
1370
623
-23
-437
-616
-642
-533
-290
-9
172
244
325
479
534
286
-184
-594
-851
-1129
-1601
-2221
-2802
-3259
-3646
-3971
-4165
-4149
-3947
-3679
-3409
-3101
-2748
-2401
-2127
-1880
-1556
-1188
-933
-873
-817
-559
-193
-17
-125
-287
-286
-191
-183
-264
-190
242
1048
2269
3992
6242
8692
10964
12852
14343
15354
15753
15446
14612
13515
12197
10460
8197
5728
3543
1823
195
-1630
-3321
-4171
-4073
-3616
-3296
-2833
-1870
-756
-262
-438
-636
-517
-681
-1704
-3151
-4158
-4600
-5195
-6229
-7047
-6971
-6339
-5977
-6016
-5755
-4808
-3681
-3100
-3025
-2872
-2495
-2372
-2818
-3503
-3954
-4185
-4502
-4883
-4924
-4352
-3409
-2513
-1716
-719
540
1824
2818
3477
3974
4425
4695
4584
4082
3390
2746
2145
1456
645
-118
-648
-936
-1068
-1088
-1006
-885
-836
-840
-749
-494
-286
-350
-634
-885
-943
-943
-1126
-1563
-2130
-2661
-3089
-3410
-3613
-3684
-3589
-3349
-2957
-2430
-1803
-1191
-723
-376
-33
311
486
374
135
9
-12
-80
-282
-520
-670
-758
-915
-1149
-1305
-1155
-558
525
2079
4076
6399
8772
10890
12538
13672
14320
14468
14137
13389
12269
10748
8724
6353
4080
2302
946
-447
-2034
-3335
-3775
-3400
-2810
-2359
-1859
-1131
-445
-157
-160
-102
-47
-475
-1519
-2678
-3475
-4011
-4699
-5530
-6070
-6079
-5834
-5678
-5444
-4712
-3506
-2386
-1830
-1737
-1713
-1664
-1852
-2435
-3166
-3738
-4178
-4690
-5164
-5198
-4680
-3954
-3357
-2747
-1735
-356
943
1856
2511
3131
3650
3816
3592
3141
2553
1832
1014
249
-367
-824
-1119
-1280
-1339
-1297
-1117
-779
-426
-240
-160
41
356
490
251
-139
-373
-509
-822
-1357
-1806
-1941
-1937
-2049
-2203
-2119
-1720
-1263
-968
-768
-475
-93
164
183
99
64
1
-259
-684
-1018
-1101
-1086
-1208
-1488
-1700
-1747
-1773
-1925
-2132
-2165
-1895
-1360
-530
726
2496
4666
6923
9079
11041
12677
13772
14171
13955
13357
12501
11309
9655
7540
5268
3290
1792
446
-1123
-2687
-3575
-3494
-2960
-2568
-2183
-1343
-179
606
749
764
1007
978
85
-1354
-2461
-3040
-3795
-5077
-6207
-6401
-5899
-5593
-5689
-5448
-4378
-3069
-2428
-2491
-2528
-2215
-2076
-2581
-3398
-3936
-4192
-4618
-5256
-5574
-5240
-4577
-4033
-3550
-2696
-1370
0
1019
1696
2263
2775
3013
2835
2374
1847
1335
781
174
-343
-620
-616
-489
-345
-146
194
686
1204
1554
1685
1687
1658
1557
1269
833
397
29
-341
-753
-1088
-1199
-1132
-1079
-1098
-1048
-804
-495
-316
-267
-175
3
80
-51
-272
-439
-621
-955
-1428
-1881
-2196
-2411
-2566
-2633
-2573
-2433
-2311
-2249
-2230
-2237
-2287
-2326
-2261
-2000
-1442
-467
970
2727
4584
6492
8488
10341
11624
12202
12376
12419
12205
11445
10157
8559
6805
5038
3510
2317
1113
-387
-1769
-2290
-1879
-1307
-994
-490
525
1513
1849
1813
2041
2329
1880
622
-610
-1296
-1963
-3210
-4645
-5397
-5342
-5222
-5525
-5791
-5326
-4250
-3366
-3086
-3030
-2763
-2486
-2667
-3315
-3988
-4468
-5006
-5760
-6390
-6470
-6101
-5727
-5481
-5014
-4040
-2797
-1703
-866
-91
732
1440
1868
2011
1922
1651
1288
948
665
412
255
311
534
790
1054
1401
1810
2113
2283
2495
2770
2883
2679
2324
2035
1734
1217
545
2
-283
-426
-524
-521
-401
-240
-93
19
65
-62
-346
-628
-806
-940
-1163
-1470
-1794
-2089
-2322
-2490
-2634
-2802
-2961
-3008
-2861
-2605
-2403
-2352
-2412
-2490
-2622
-2921
-3332
-3563
-3362
-2825
-2116
-1065
613
2871
5303
7573
9598
11264
12389
12968
13271
13499
13438
12668
11094
9089
7218
5770
4497
2936
1038
-566
-1222
-1098
-893
-802
-312
774
1776
2047
1927
2191
2743
2648
1557
202
-731
-1518
-2767
-4282
-5258
-5470
-5598
-6173
-6785
-6678
-5854
-5117
-5006
-5169
-5026
-4638
-4578
-5047
-5616
-5960
-6309
-6937
-7577
-7693
-7228
-6647
-6225
-5651
-4577
-3192
-1984
-1133
-383
497
1411
2070
2320
2318
2318
2400
2400
2173
1877
1801
1990
2174
2171
2153
2404
2888
3275
3429
3558
3841
4092
4011
3628
3253
3014
2698
2081
1332
800
539
280
-160
-609
-840
-901
-1014
-1252
-1476
-1601
-1751
-2074
-2512
-2863
-3040
-3167
-3364
-3576
-3687
-3702
-3733
-3799
-3789
-3650
-3486
-3355
-3174
-2884
-2585
-2447
-2463
-2489
-2467
-2400
-2238
-1891
-1380
-756
201
1826
4051
6425
8640
10680
12440
13590
14103
14397
14726
14745
13938
12309
10329
8474
6938
5614
4212
2504
712
-596
-1123
-1118
-934
-557
122
790
1014
912
1022
1404
1402
580
-664
-1744
-2725
-4036
-5595
-6821
-7464
-7933
-8619
-9241
-9210
-8433
-7482
-6904
-6606
-6167
-5529
-5081
-5101
-5380
-5560
-5646
-5891
-6286
-6470
-6205
-5711
-5305
-4937
-4305
-3291
-2152
-1176
-349
539
1531
2391
2942
3272
3555
3809
3893
3748
3500
3368
3472
3729
3986
4190
4412
4697
4945
5043
5068
5151
5189
4914
4265
3514
2907
2329
1499
407
-666
-1525
-2214
-2816
-3269
-3483
-3529
-3543
-3521
-3343
-3009
-2699
-2575
-2631
-2753
-2834
-2877
-2917
-2955
-2983
-3025
-3122
-3265
-3381
-3388
-3249
-2997
-2725
-2520
-2371
-2122
-1698
-1232
-921
-785
-674
-532
-407
-224
170
787
1533
2503
3964
5907
7989
9973
11850
13521
14643
15033
14996
14950
14887
14370
13017
10937
8692
6801
5231
3476
1296
-873
-2359
-3050
-3452
-3846
-3903
-3331
-2541
-2146
-2081
-1789
-1234
-1102
-1770
-2661
-3116
-3457
-4463
-6016
-7158
-7468
-7652
-8447
-9463
-9717
-9008
-8106
-7628
-7319
-6655
-5732
-5085
-4877
-4756
-4508
-4370
-4559
-4790
-4615
-4071
-3606
-3409
-3135
-2408
-1386
-489
167
827
1700
2698
3578
4193
4548
4724
4806
4830
4702
4343
3893
3612
3579
3642
3689
3786
4003
4177
4133
3961
3835
3687
3254
2481
1685
1147
685
-59
-1062
-1912
-2369
-2643
-2990
-3323
-3355
-3048
-2705
-2540
-2438
-2211
-1930
-1824
-1908
-1949
-1829
-1732
-1849
-2095
-2260
-2325
-2431
-2611
-2715
-2594
-2314
-2045
-1853
-1630
-1262
-755
-181
350
766
1041
1207
1359
1536
1714
1833
1847
1798
1790
1940
2355
3068
4024
5142
6412
7898
9494
10846
11634
11912
12023
12079
11827
11085
9903
8396
6628
4729
3015
1579
101
-1622
-3226
-4139
-4389
-4517
-4732
-4678
-4151
-3565
-3373
-3340
-3024
-2640
-2795
-3502
-4114
-4364
-4776
-5758
-6852
-7363
-7406
-7635
-8156
-8368
-7862
-6996
-6341
-5899
-5280
-4388
-3574
-3127
-2882
-2543
-2170
-2033
-2130
-2155
-1940
-1667
-1525
-1425
-1157
-684
-164
321
833
1409
2014
2572
3033
3351
3491
3522
3529
3466
3206
2794
2499
2461
2489
2418
2402
2677
3116
3339
3278
3219
3310
3306
2950
2362
1769
1179
477
-337
-1142
-1856
-2465
-2954
-3321
-3568
-3661
-3549
-3287
-2976
-2621
-2130
-1534
-1027
-699
-412
-73
200
294
316
438
625
714
678
655
716
763
731
694
746
868
978
1026
1019
1013
1055
1113
1106
1011
917
893
868
738
524
352
280
245
265
500
1100
2048
3184
4375
5587
6795
7829
8456
8585
8368
8011
7507
6707
5543
4124
2638
1224
-107
-1460
-2894
-4210
-5050
-5333
-5347
-5325
-5118
-4488
-3592
-2850
-2416
-2029
-1510
-1154
-1284
-1731
-2059
-2237
-2674
-3506
-4333
-4750
-4943
-5360
-5948
-6187
-5836
-5235
-4791
-4435
-3831
-2960
-2173
-1703
-1414
-1090
-780
-680
-792
-876
-793
-694
-763
-932
-937
-698
-416
-288
-228
14
510
1056
1441
1709
2030
2408
2640
2609
2446
2332
2269
2129
1911
1790
1880
2040
2073
1983
1956
2069
2174
2117
1948
1813
1717
1501
1079
568
104
-323
-795
-1266
-1576
-1656
-1575
-1405
-1125
-702
-198
292
747
1185
1587
1912
2150
2320
2417
2401
2280
2089
1861
1609
1311
986
684
429
194
-56
-323
-572
-779
-950
-1092
-1217
-1334
-1420
-1472
-1486
-1468
-1464
-1480
-1489
-1458
-1400
-1383
-1440
-1541
-1629
-1642
-1502
-1086
-309
786
2032
3209
4154
4842
5317
5600
5684
5575
5317
4973
4517
3848
2970
2030
1132
176
-945
-2059
-2827
-3114
-3127
-3050
-2798
-2277
-1661
-1227
-984
-680
-236
119
193
80
16
-44
-394
-1103
-1918
-2636
-3290
-3952
-4500
-4742
-4661
-4444
-4234
-3984
-3610
-3167
-2780
-2498
-2258
-2012
-1796
-1656
-1567
-1501
-1474
-1506
-1570
-1612
-1588
-1472
-1262
-977
-675
-379
-64
301
694
1050
1352
1624
1862
2012
2030
1975
1946
1970
1991
1990
2049
2204
2377
2481
2540
2650
2831
3005
3101
3150
3212
3231
3089
2758
2344
1967
1608
1219
854
637
607
673
730
792
906
1058
1170
1193
1176
1165
1132
1013
789
520
271
20
-306
-717
-1117
-1441
-1725
-2029
-2341
-2572
-2675
-2732
-2831
-2933
-2928
-2791
-2656
-2627
-2620
-2520
-2364
-2294
-2336
-2346
-2232
-2106
-2103
-2158
-2096
-1913
-1763
-1726
-1715
-1550
-1197
-729
-132
697
1811
3052
4217
5250
6157
6906
7407
7654
7736
7652
7338
6772
6045
5254
4365
3315
2176
1078
111
-706
-1342
-1738
-1909
-1944
-1912
-1809
-1629
-1425
-1277
-1193
-1145
-1155
-1303
-1631
-2069
-2539
-3019
-3529
-4081
-4601
-5018
-5342
-5572
-5682
-5628
-5407
-5077
-4713
-4312
-3851
-3361
-2908
-2511
-2146
-1789
-1461
-1207
-1025
-878
-714
-517
-306
-47
279
655
1048
1430
1824
2235
2645
3031
3366
3643
3851
3981
4030
4005
3945
3897
3880
3907
3969
4079
4225
4343
4388
4338
4189
3949
3596
3145
2613
2009
1347
650
-43
-730
-1399
-2021
-2544
-2930
-3172
-3271
-3225
-3054
-2790
-2456
-2080
-1694
-1316
-975
-682
-453
-323
-301
-372
-537
-775
-1043
-1314
-1580
-1830
-2024
-2132
-2142
-2064
-1933
-1774
-1600
-1429
-1263
-1109
-982
-887
-824
-777
-726
-654
-528
-355
-150
34
189
341
519
730
903
993
967
863
775
748
775
797
873
1129
1668
2488
3365
4074
4523
4764
4966
5180
5299
5164
4718
4056
3336
2669
1997
1207
246
-819
-1788
-2546
-3094
-3493
-3787
-3929
-3868
-3595
-3164
-2672
-2186
-1728
-1292
-864
-506
-323
-351
-516
-683
-825
-1012
-1330
-1742
-2097
-2259
-2221
-2071
-1894
-1711
-1473
-1141
-733
-331
-39
145
297
460
618
711
707
616
493
364
238
102
-73
-254
-381
-387
-283
-134
17
185
399
623
760
769
700
633
594
552
499
476
522
621
729
817
881
903
878
832
783
715
580
367
139
-63
-247
-457
-690
-899
-1042
-1079
-988
-791
-543
-281
23
398
789
1103
1311
1432
1492
1481
1390
1230
999
713
424
181
-8
-175
-325
-439
-511
-534
-529
-526
-549
-573
-574
-562
-588
-678
-791
-875
-937
-992
-1016
-978
-890
-799
-712
-603
-497
-449
-482
-547
-572
-557
-564
-621
-721
-843
-961
-1028
-1019
-933
-748
-407
199
1083
2056
2912
3546
4052
4572
5058
5357
5364
5099
4640
4097
3577
3086
2476
1643
712
-46
-527
-871
-1210
-1463
-1474
-1267
-1012
-781
-501
-182
51
132
180
258
203
-138
-656
-1116
-1454
-1845
-2411
-3030
-3501
-3781
-3964
-4098
-4119
-3960
-3672
-3351
-3068
-2850
-2679
-2545
-2417
-2290
-2144
-1975
-1846
-1809
-1851
-1872
-1790
-1634
-1485
-1338
-1083
-692
-248
123
406
697
1048
1399
1663
1842
2004
2179
2321
2417
2541
2743
3006
3263
3484
3671
3796
3816
3704
3532
3374
3219
3010
2696
2306
1898
1502
1104
671
237
-134
-406
-591
-721
-802
-822
-788
-735
-691
-651
-589
-495
-401
-366
-408
-493
-586
-699
-859
-1043
-1208
-1333
-1443
-1564
-1685
-1757
-1768
-1725
-1642
-1543
-1417
-1266
-1122
-1039
-1011
-968
-882
-799
-768
-728
-614
-467
-369
-332
-254
-79
137
372
640
920
1149
1301
1393
1422
1355
1171
941
758
619
506
367
161
-58
-207
-192
8
409
1061
1837
2501
2885
3066
3309
3648
3919
3999
3845
3437
2791
2091
1532
1030
352
-525
-1348
-1953
-2427
-2835
-3085
-3124
-3019
-2849
-2591
-2218
-1805
-1446
-1177
-975
-844
-849
-968
-1106
-1222
-1386
-1662
-1998
-2282
-2456
-2500
-2437
-2334
-2266
-2229
-2122
-1879
-1546
-1204
-923
-696
-494
-314
-166
-59
1
23
48
115
210
316
407
463
507
546
601
710
858
1027
1188
1318
1424
1498
1575
1714
1925
2175
2409
2593
2732
2832
2910
2964
2941
2831
2646
2413
2145
1833
1476
1082
675
276
-93
-421
-693
-904
-1058
-1165
-1248
-1322
-1385
-1410
-1381
-1300
-1201
-1119
-1048
-984
-918
-841
-760
-691
-656
-650
-648
-633
-609
-572
-533
-497
-448
-382
-319
-282
-275
-308
-367
-438
-511
-578
-650
-717
-766
-776
-737
-667
-584
-502
-427
-370
-329
-294
-276
-279
-286
-283
-272
-258
-230
-173
-104
-35
41
140
252
347
423
483
539
607
670
743
827
906
1019
1180
1381
1602
1801
1969
2101
2200
2262
2261
2202
2079
1879
1631
1377
1132
889
621
345
106
-80
-231
-373
-492
-570
-591
-555
-492
-423
-360
-324
-303
-296
-317
-395
-550
-752
-987
-1247
-1518
-1798
-2067
-2314
-2513
-2642
-2731
-2788
-2812
-2791
-2708
-2579
-2422
-2247
-2061
-1864
-1652
-1427
-1206
-999
-800
-610
-422
-248
-91
60
212
374
552
732
900
1062
1229
1412
1594
1749
1888
2026
2169
2309
2429
2535
2620
2662
2654
2597
2497
2372
2217
2043
1868
1702
1546
1383
1216
1045
873
691
487
250
-8
-275
-550
-819
-1074
-1307
-1520
-1724
-1911
-2073
-2199
-2268
-2288
-2265
-2209
-2118
-1987
-1830
-1655
-1472
-1273
-1062
-853
-663
-497
-356
-240
-153
-84
-36
-4
27
44
53
84
124
171
231
299
388
506
642
795
956
1111
1261
1397
1515
1612
1670
1692
1681
1632
1546
1426
1283
1121
936
749
570
403
252
106
-33
-159
-260
-346
-421
-487
-536
-582
-629
-663
-689
-712
-739
-748
-727
-680
-601
-500
-391
-278
-173
-93
-31
13
34
20
-16
-56
-104
-154
-208
-261
-297
-335
-372
-399
-425
-443
-450
-446
-422
-388
-347
-292
-226
-163
-120
-89
-54
-32
-32
-50
-78
-110
-149
-182
-205
-218
-224
-230
-231
-225
-216
-211
-201
-171
-120
-48
40
124
189
232
253
258
244
214
169
113
45
-31
-111
-202
-296
-378
-433
-460
-458
-426
-366
-287
-194
-92
11
114
199
256
288
298
284
248
205
156
103
55
18
-6
-23
-23
3
44
86
119
153
202
250
299
354
420
492
558
609
655
693
707
696
659
601
526
450
380
320
261
198
134
79
46
24
15
12
23
50
83
123
162
199
230
246
260
277
291
288
271
262
263
258
238
213
165
105
28
-64
-151
-230
-305
-377
-438
-472
-491
-504
-501
-480
-440
-410
-384
-353
-325
-302
-268
-218
-162
-119
-84
-52
-30
-22
-30
-45
-76
-129
-208
-293
-368
-439
-511
-566
-589
-593
-577
-538
-465
-386
-289
-180
-79
27
113
170
222
269
305
322
308
274
215
138
51
-32
-102
-157
-202
-233
-255
-268
-262
-231
-184
-125
-57
17
83
145
204
252
297
325
332
342
336
317
318
321
310
293
270
254
240
218
195
178
167
150
126
116
127
142
154
156
147
130
108
88
76
76
83
78
58
23
-19
-65
-115
-165
-218
-260
-287
-311
-337
-357
-365
-380
-395
-377
-347
-327
-307
-268
-220
-175
-143
-124
-97
-69
-44
-11
20
70
142
214
283
338
372
376
360
338
318
303
303
318
331
323
304
286
280
291
316
357
413
464
518
582
637
665
680
691
687
654
598
526
439
320
196
65
-82
-217
-353
-471
-569
-657
-741
-814
-881
-955
-1020
-1069
-1106
-1132
-1143
-1129
-1087
-1045
-1013
-974
-918
-863
-798
-721
-633
-541
-440
-333
-225
-130
-36
49
109
141
173
203
227
245
260
276
295
315
333
353
372
401
439
478
509
541
560
553
545
555
570
567
535
499
456
396
333
273
201
129
57
-8
-63
-114
-154
-178
-180
-159
-134
-121
-111
-102
-94
-96
-98
-96
-94
-91
-91
-82
-55
-32
-7
15
30
43
45
34
13
-14
-40
-67
-103
-147
-189
-219
-230
-228
-216
-190
-151
-117
-86
-63
-45
-20
21
65
106
146
178
196
215
237
259
268
256
246
226
200
175
162
155
135
108
87
78
75
51
18
-16
-63
-116
-167
-207
-230
-238
-239
-231
-208
-174
-146
-124
-111
-112
-118
-114
-96
-79
-59
-39
-25
-13
-2
15
27
42
56
62
58
40
18
-4
-11
7
34
54
74
89
103
121
137
149
155
152
155
170
187
197
199
194
179
156
133
114
102
84
60
39
14
-7
-19
-32
-48
-63
-87
-117
-139
-152
-164
-176
-185
-183
-182
-187
-193
-202
-218
-237
-258
-276
-287
-289
-278
-258
-244
-222
-200
-180
-155
-130
-114
-95
-73
-48
-35
-28
-17
-2
16
31
43
65
86
102
112
119
123
123
125
136
155
182
205
228
260
288
302
306
304
298
285
263
238
219
204
176
148
130
109
83
62
43
26
1
-24
-34
-37
-34
-26
-23
-24
-32
-39
-35
-25
-16
-12
-3
-1
-6
-6
1
3
-3
-1
7
9
7
8
6
0
-7
-12
-14
-19
-23
-34
-44
-44
-43
-45
-41
-36
-36
-30
-17
-8
-2
3
11
20
25
34
38
34
25
13
6
6
-2
-14
-23
-32
-44
-56
-66
-64
-59
-65
-76
-86
-98
-110
-111
-109
-104
-93
-80
-70
-53
-40
-42
-46
-50
-55
-56
-51
-37
-20
-7
-6
-3
-2
-3
6
15
20
30
34
37
48
51
47
46
44
47
54
66
83
90
83
66
58
60
58
54
47
42
35
22
15
10
1
-3
-3
0
4
7
7
-1
-3
6
19
28
31
34
33
30
22
19
23
12
-5
-21
-40
-51
-47
-45
-50
-56
-61
-55
-47
-40
-34
-31
-28
-24
-16
-6
7
15
22
38
50
55
61
76
86
85
78
67
61
65
65
68
72
65
63
67
58
36
16
13
16
19
19
18
19
18
14
25
41
44
33
13
-5
-15
-30
-51
-69
-87
-104
-113
-121
-129
-136
-146
-146
-140
-136
-132
-120
-115
-121
-129
-128
-121
-129
-144
-148
-151
-151
-148
-146
-142
-142
-154
-163
-168
-164
-157
-145
-120
-89
-58
-26
10
55
97
149
204
256
314
355
388
411
421
422
411
394
372
352
325
291
262
234
203
175
153
128
90
47
18
-8
-39
-63
-80
-96
-118
-136
-143
-147
-148
-144
-148
-158
-166
-159
-152
-150
-145
-131
-101
-75
-58
-42
-24
-15
-9
4
17
32
49
69
91
107
107
98
90
85
74
73
79
87
98
105
115
116
104
76
41
24
20
19
14
8
6
7
5
5
2
-6
-27
-49
-56
-76
-107
-125
-127
-129
-146
-164
-172
-174
-181
-188
-183
-179
-177
-169
-155
-144
-141
-134
-123
-104
-82
-60
-43
-32
-27
-20
-18
-22
-33
-45
-34
-11
7
22
39
65
92
106
114
124
129
135
152
169
190
212
239
260
264
266
273
276
269
260
243
220
194
167
143
119
87
55
31
7
-13
-29
-45
-59
-76
-86
-84
-76
-76
-84
-85
-87
-95
-111
-126
-133
-141
-155
-160
-141
-116
-99
-86
-72
-68
-80
-89
-82
-71
-50
-18
7
19
22
20
19
27
41
54
67
76
81
79
73
65
58
49
40
31
25
23
21
7
-7
-17
-20
-12
-5
1
-5
-6
-3
-3
-7
-18
-27
-34
-40
-34
-31
-38
-44
-37
-25
-25
-36
-54
-74
-91
-102
-102
-102
-103
-98
-76
-55
-34
-6
21
42
48
44
42
40
44
53
53
51
52
46
42
34
32
29
15
2
-7
-11
-12
-9
-10
-7
2
13
22
29
28
28
30
39
55
66
63
60
58
53
43
26
11
2
-2
-1
-9
-21
-41
-53
-48
-40
-37
-35
-34
-31
-32
-27
-16
-7
2
12
27
43
49
47
44
32
11
-10
-27
-41
-41
-41
-44
-47
-46
-33
-17
-11
-16
-24
-33
-28
-15
-2
8
15
27
36
38
37
43
38
28
14
0
-3
-4
0
1
-3
-8
-12
-11
-7
-5
-10
-16
-15
-14
-11
0
4
7
10
4
-4
-10
-19
-31
-54
-83
-93
-87
-81
-77
-69
-55
-49
-51
-59
-66
-70
-66
-54
-46
-39
-24
-10
7
21
27
29
20
19
22
18
13
2
-2
3
-2
-13
-22
-23
-15
-9
1
8
15
31
49
70
84
90
87
72
61
64
80
104
121
126
121
108
96
85
76
59
37
18
3
-17
-33
-31
-26
-27
-29
-41
-55
-71
-84
-90
-86
-73
-58
-42
-31
-35
-45
-51
-55
-53
-46
-32
-18
-5
2
1
0
2
16
28
24
16
8
-7
-11
-7
1
10
11
5
2
7
12
15
17
14
10
14
24
36
44
50
50
42
25
7
-14
-37
-52
-59
-54
-40
-31
-30
-39
-46
-44
-35
-24
-13
-8
-6
-5
-8
-10
-15
-23
-30
-38
-43
-39
-38
-42
-44
-46
-50
-62
-80
-96
-108
-110
-109
-95
-66
-38
-21
-5
10
24
41
49
47
51
55
59
63
74
88
94
99
103
92
83
76
61
50
42
49
60
52
37
21
13
9
4
-6
-15
-10
-1
10
19
24
25
16
4
-2
-2
-11
-20
-21
-20
-21
-22
-22
-23
-31
-34
-40
-43
-46
-56
-58
-54
-45
-24
-4
12
18
29
40
42
49
54
53
45
35
24
14
1
-1
7
19
35
41
37
25
11
3
-11
-32
-43
-42
-38
-37
-22
-2
15
29
28
25
17
4
-7
-8
1
19
39
49
48
40
25
2
-22
-43
-60
-70
-76
-79
-73
-59
-51
-60
-66
-66
-63
-59
-54
-45
-40
-34
-23
-10
-1
-1
-7
-15
-21
-24
-27
-20
-14
-8
-4
4
16
16
8
9
19
29
40
51
62
76
87
96
95
80
61
43
33
24
6
-6
-11
-5
2
-1
-18
-29
-25
-15
-5
6
21
32
40
44
38
31
22
16
11
7
13
17
25
29
29
21
4
-17
-33
-39
-47
-54
-56
-52
-42
-33
-19
-5
5
16
22
20
12
9
8
5
2
8
12
12
6
-6
-16
-14
-5
7
21
31
33
29
33
36
38
37
38
45
43
41
49
57
62
66
63
54
41
23
7
-6
-20
-30
-35
-41
-52
-74
-90
-96
-92
-86
-81
-77
-73
-70
-65
-61
-46
-33
-24
-12
3
22
33
31
19
6
-7
-19
-23
-21
-15
-6
-1
-6
-17
-25
-24
-20
-17
-7
5
17
28
34
40
50
61
68
73
79
82
86
85
78
71
59
41
32
29
27
14
0
-7
-5
6
9
6
2
-13
-38
-66
-79
-74
-60
-41
-27
-18
-14
-17
-13
-8
-15
-26
-27
-26
-25
-27
-23
-16
-19
-21
-18
-9
-6
-10
-6
0
6
14
19
13
0
-7
-6
-4
-4
-3
4
18
29
38
45
55
62
57
57
57
53
57
52
36
26
27
22
14
0
-14
-23
-39
-48
-42
-27
-10
-4
-5
-7
-12
-19
-28
-30
-23
-20
-19
-24
-25
-11
7
17
22
18
9
-1
-18
-27
-30
-22
-6
7
17
20
12
11
14
9
3
3
4
6
12
22
44
62
64
57
38
13
-10
-29
-31
-21
-3
18
30
28
15
-2
-20
-33
-36
-28
-18
-16
-25
-40
-59
-86
-105
-112
-102
-71
-38
-1
35
63
63
34
-8
-44
-65
-73
-64
-32
8
47
73
74
57
38
18
11
24
44
56
50
44
34
33
40
31
13
-7
-24
-29
-26
-15
-5
-3
-7
-21
-36
-43
-45
-42
-23
7
34
46
43
29
0
-33
-52
-59
-55
-37
-18
9
35
49
58
56
49
35
19
3
-14
-19
-15
-14
-11
-7
-14
-22
-23
-18
0
17
23
27
28
24
19
1
-20
-39
-47
-47
-40
-24
-18
-16
-3
5
3
-5
-9
-18
-22
-12
-3
6
14
13
4
-14
-27
-31
-24
0
27
51
68
86
94
96
95
76
49
33
23
17
3
-14
-15
-16
-23
-36
-46
-54
-65
-70
-77
-80
-80
-77
-76
-74
-69
-63
-54
-51
-44
-24
1
23
37
46
49
49
32
8
-9
-14
-17
-21
-14
-3
5
10
8
7
10
12
7
0
-5
-7
-1
5
10
14
18
19
15
12
4
1
7
7
5
-1
-11
-19
-23
-26
-30
-30
-28
-27
-26
-30
-32
-34
-39
-39
-36
-32
-27
-18
-2
15
25
22
9
3
3
3
6
5
13
28
32
30
20
-2
-25
-36
-42
-31
-16
-9
-2
10
25
28
31
34
34
30
24
35
52
68
79
85
77
69
63
55
46
33
24
17
14
19
19
10
-2
-14
-20
-18
-13
-14
-15
-11
-28
-49
-58
-52
-38
-40
-45
-37
-31
-24
-19
-24
-33
-50
-63
-52
-35
-27
-27
-15
-1
6
6
2
-2
-15
-32
-52
-67
-77
-75
-64
-53
-37
-24
-22
-25
-31
-33
-29
-16
2
22
32
24
14
14
18
24
29
33
30
24
20
9
6
12
17
13
7
8
16
26
28
19
16
14
6
5
12
16
18
12
3
-5
-17
-20
-15
-6
1
2
-3
-4
-4
-4
-1
4
8
14
20
13
3
6
7
-1
-8
-9
-17
-22
-23
-22
-10
3
4
6
13
14
9
1
-5
-4
-5
-1
5
4
7
10
15
31
45
49
58
60
54
61
70
64
44
13
-9
-14
-11
-8
-6
-7
-21
-30
-22
-10
2
12
19
11
-6
-6
3
3
6
14
19
9
-14
-36
-51
-54
-64
-76
-80
-76
-70
-74
-71
-57
-50
-35
-23
-26
-29
-25
-15
-7
-4
13
28
35
30
14
-1
-14
-17
-9
-1
12
17
15
16
13
9
-3
-15
-31
-45
-42
-25
-4
3
12
16
15
13
13
24
36
44
55
65
70
64
54
45
39
27
14
5
3
7
16
25
33
34
25
5
-12
-18
-19
-7
7
7
-2
-4
4
2
-8
-14
-24
-20
-6
-7
-8
8
23
31
30
25
23
23
24
30
41
55
69
78
76
65
56
49
42
26
11
0
-5
-6
0
5
-9
-36
-66
-90
-95
-93
-97
-93
-93
-102
-99
-92
-89
-78
-68
-52
-36
-30
-39
-42
-35
-21
-11
-7
3
12
14
13
15
17
10
5
7
18
31
43
48
48
46
42
38
37
42
47
42
45
56
74
99
120
128
123
118
112
107
96
75
48
25
11
0
-14
-24
-25
-30
-34
-35
-30
-31
-44
-59
-76
-89
-88
-84
-81
-74
-62
-45
-30
-20
-12
-13
-15
-7
2
8
15
23
27
25
19
12
5
3
-1
-3
-4
-11
-15
-16
-19
-14
-13
-19
-27
-32
-20
0
15
37
61
74
80
74
64
42
23
15
18
25
33
41
41
39
32
19
6
-10
-23
-29
-27
-23
-15
1
15
18
22
16
2
-6
-9
-2
5
0
-13
-19
-25
-29
-34
-40
-43
-39
-37
-45
-63
-71
-68
-66
-66
-59
-46
-29
-13
-3
5
11
15
27
47
51
40
40
41
46
58
70
82
81
72
66
57
51
49
53
53
58
68
73
74
70
61
50
49
49
45
36
21
16
23
29
19
0
-26
-46
-56
-60
-57
-53
-52
-53
-62
-73
-77
-80
-79
-69
-57
-58
-68
-72
-66
-53
-37
-22
-24
-35
-46
-49
-39
-33
-26
-19
-7
-1
4
18
24
25
24
27
40
53
70
90
95
87
79
69
51
43
47
57
64
66
68
68
65
55
33
8
-14
-20
-21
-24
-19
-14
-10
-9
-22
-37
-42
-43
-38
-33
-32
-28
-22
-18
-20
-26
-38
-48
-50
-46
-46
-46
-44
-43
-38
-36
-32
-31
-30
-28
-36
-41
-37
-30
-17
-1
7
6
4
-6
-11
-2
10
16
24
33
34
37
38
38
44
49
45
47
43
32
26
22
22
23
20
23
37
57
63
58
53
40
28
11
-5
-13
-23
-29
-26
-21
-15
-8
-3
-1
-10
-15
-15
-16
-8
-2
9
13
1
-8
-1
11
13
15
22
23
16
19
26
29
24
18
15
16
16
13
20
20
10
-4
-3
-1
-1
-4
-8
-8
-11
-19
-28
-46
-55
-52
-49
-45
-31
-18
-19
-23
-29
-47
-65
-72
-67
-50
-32
-16
-8
-3
-4
-20
-47
-66
-74
-76
-64
-49
-45
-44
-37
-32
-29
-21
-17
-19
-11
1
9
21
33
43
47
39
23
6
-5
-2
11
14
17
19
27
25
25
33
37
44
42
43
46
43
40
49
60
65
56
42
34
19
-2
-18
-21
-19
-23
-23
-31
-39
-41
-28
-9
10
29
40
44
39
33
23
15
8
4
1
7
17
28
36
33
24
13
-2
-8
-9
-4
0
-2
-7
-11
-10
-13
-13
-18
-19
-14
-10
-3
2
1
-20
-36
-39
-35
-30
-31
-25
-8
6
7
10
3
-11
-18
-20
-16
-7
-1
-2
-13
-22
-32
-40
-43
-45
-41
-33
-23
-18
-21
-24
-33
-45
-47
-39
-24
-15
-18
-19
-19
-24
-25
-21
-15
-13
-23
-40
-53
-69
-80
-75
-55
-37
-29
-27
-32
-37
-35
-36
-39
-38
-24
-2
14
24
37
47
51
56
61
72
92
111
122
121
119
115
106
86
62
49
47
51
58
68
64
52
45
36
28
19
-1
-6
2
4
7
6
1
-8
-22
-36
-47
-55
-52
-49
-50
-56
-67
-75
-77
-77
-74
-66
-57
-51
-48
-42
-30
-20
-10
5
21
35
50
57
58
48
29
12
4
4
9
10
9
6
1
-14
-28
-38
-44
-40
-36
-32
-27
-19
-10
1
14
28
42
44
32
18
3
-7
-7
-13
-23
-34
-50
-65
-66
-51
-46
-53
-50
-42
-36
-33
-29
-26
-22
-19
-19
-6
0
-6
-4
6
15
20
28
25
19
11
-2
-6
-10
-19
-23
-27
-30
-34
-36
-30
-23
-11
-5
7
15
28
59
72
66
57
43
43
50
62
88
113
117
98
72
47
31
26
26
20
12
4
1
7
0
-10
-15
-10
2
9
17
19
10
-8
-24
-38
-49
-53
-53
-42
-28
-18
-12
-9
-12
-25
-40
-48
-58
-67
-63
-44
-23
-9
4
10
3
4
13
25
33
29
20
18
20
14
5
-7
-19
-20
-15
-5
17
36
48
52
40
31
23
10
4
-1
1
9
14
12
-1
-9
-11
-10
-11
-6
-4
-5
-5
-10
-11
-15
-27
-32
-24
-11
-3
-1
7
10
2
-17
-30
-41
-58
-71
-75
-73
-65
-46
-27
-26
-29
-22
-15
-18
-25
-34
-37
-23
-8
-3
5
17
22
23
19
14
7
2
8
22
41
57
75
85
93
107
111
109
110
109
104
92
76
78
73
65
57
40
26
9
-6
-26
-38
-48
-59
-68
-66
-59
-46
-24
-11
-12
-11
-7
3
16
26
27
24
15
-1
-12
-15
-17
-22
-26
-40
-53
-55
-49
-36
-16
7
17
15
15
20
31
42
51
52
43
31
23
19
13
9
-2
-20
-27
-25
-29
-36
-46
-56
-58
-56
-44
-24
-6
2
3
-6
-21
-33
-34
-31
-25
-27
-34
-38
-36
-23
-4
6
0
-11
-11
-12
-15
-15
-15
-18
-25
-31
-28
-22
-20
-7
3
2
-2
-5
-2
3
15
23
27
40
59
71
78
90
98
95
97
93
90
96
86
80
72
64
64
60
53
41
30
19
12
11
13
23
28
27
32
30
12
-4
-24
-32
-19
-16
-24
-30
-38
-47
-64
-83
-99
-98
-87
-83
-86
-94
-103
-109
-115
-113
-96
-81
-63
-48
-43
-35
-24
-9
12
35
60
81
98
108
113
116
118
119
111
100
85
69
52
38
27
23
19
1
-17
-30
-41
-49
-53
-46
-36
-28
-13
-3
7
7
-2
0
8
14
20
38
56
63
56
47
37
29
16
0
-9
-20
-34
-40
-44
-49
-55
-60
-76
-88
-83
-64
-33
-7
6
1
-2
-1
-9
-15
-24
-32
-29
-23
-16
-7
-7
-13
-12
-10
-20
-23
-14
-2
15
29
38
43
44
49
45
35
34
34
42
44
41
50
55
46
31
22
5
2
3
-5
-5
-2
-3
-8
-17
-24
-23
-23
-24
-12
7
17
19
29
31
18
2
-8
-11
-12
-9
-7
-11
-17
-25
-27
-26
-33
-35
-21
-4
16
36
50
56
61
64
62
52
44
34
38
46
38
28
18
8
2
-10
-20
-24
-33
-35
-38
-47
-52
-60
-65
-61
-56
-65
-69
-72
-83
-83
-76
-75
-70
-57
-46
-29
-15
-15
-12
-10
-21
-28
-30
-31
-37
-52
-53
-38
-16
10
32
44
53
54
48
49
54
45
30
16
9
13
15
25
35
42
44
40
35
27
18
10
9
12
21
40
56
69
65
50
34
20
18
20
24
35
39
32
25
16
7
10
21
35
44
55
64
61
45
30
7
-7
-10
-22
-18
1
14
21
21
-6
-34
-56
-86
-110
-115
-112
-117
-124
-128
-129
-125
-124
-120
-111
-102
-98
-96
-86
-62
-43
-26
-10
2
14
27
39
46
42
38
30
23
22
22
25
20
8
11
11
-2
-6
-4
-4
-11
-12
-7
3
14
26
32
36
36
35
46
65
82
101
108
105
91
66
52
39
26
16
8
8
0
-9
-14
-22
-35
-40
-30
-26
-31
-38
-34
-15
8
17
25
26
17
12
19
32
38
31
30
35
27
14
-2
-19
-39
-54
-58
-66
-68
-58
-42
-33
-29
-16
2
5
3
13
16
2
-13
-19
-24
-27
-29
-34
-34
-40
-40
-28
-33
-40
-48
-63
-68
-64
-54
-45
-36
-29
-23
-30
-42
-45
-44
-33
-22
-2
23
32
38
48
54
60
68
70
75
87
90
80
67
50
35
43
61
68
57
47
39
22
5
-13
-26
-29
-34
-40
-38
-27
-19
-10
-1
2
-4
-18
-29
-37
-32
-15
-6
-7
-13
-11
-11
-18
-28
-33
-32
-24
-11
-8
-16
-27
-40
-47
-47
-43
-35
-28
-26
-29
-22
-18
-24
-15
8
26
22
4
-8
-5
21
49
72
88
78
69
61
53
59
49
30
26
26
26
19
11
6
8
6
-9
-22
-34
-34
-41
-51
-38
-13
14
30
31
38
46
40
27
12
