SAMPLES:	14447
BITSPERSAMPLE:	16
CHANNELS:	1
SAMPLERATE:	16000
NORMALIZED:	FALSE
9
2
4
4
6
9
7
5
0
-5
-11
-11
-9
-17
-24
-26
-18
-7
6
13
18
31
47
54
54
50
54
59
61
64
57
50
45
34
20
4
-13
-19
-27
-32
-43
-61
-76
-82
-77
-68
-50
-30
-17
-23
-35
-35
-21
-4
11
22
22
16
8
-2
-18
-24
-28
-28
-23
-22
-16
-8
-3
1
0
-9
-13
-5
4
13
22
33
38
31
25
21
22
26
39
51
52
44
33
27
15
-1
-17
-26
-23
-18
-19
-26
-39
-46
-47
-50
-52
-52
-46
-40
-26
-13
-9
-10
-13
-10
5
16
25
31
30
26
22
23
23
20
20
15
9
-4
-8
-4
1
8
13
14
13
14
12
13
11
1
-11
-12
-10
-10
-12
-3
8
18
19
15
16
15
21
30
31
21
6
-6
-12
-7
-2
-6
-10
-10
-18
-35
-38
-34
-25
-17
-26
-39
-41
-40
-38
-31
-19
-5
12
27
39
37
20
-4
-17
-21
-18
-7
6
15
26
31
29
22
10
-1
-9
-14
-13
-5
6
20
32
32
32
38
51
48
39
38
45
50
35
15
5
-4
-12
-20
-22
-24
-28
-28
-29
-31
-28
-32
-32
-25
-13
-7
-14
-14
-11
-11
-11
-12
-8
7
3
-9
-11
-10
-11
-19
-29
-34
-38
-37
-35
-33
-32
-30
-25
-23
-26
-26
-22
-18
-22
-24
-15
1
17
25
31
32
29
22
20
34
36
33
27
23
18
6
-1
-3
0
10
5
-8
-11
-9
-3
7
15
15
10
4
-5
-11
-7
6
24
31
24
25
41
53
58
59
68
81
76
52
32
16
-5
-16
-20
-26
-30
-37
-47
-49
-48
-45
-40
-28
-8
5
19
27
21
21
19
14
9
4
1
-3
-3
3
9
5
-8
-23
-39
-49
-53
-45
-29
-17
-9
-5
-1
-2
3
13
21
23
24
20
15
14
4
-1
-10
-21
-31
-45
-57
-71
-72
-76
-81
-82
-79
-67
-52
-33
-17
-5
-2
1
2
4
5
13
27
32
36
37
38
45
55
64
65
65
51
25
0
-15
-18
-12
-1
14
26
30
24
12
6
2
-5
-3
1
1
4
-2
-7
-8
-10
-8
-3
1
-4
-12
-9
-8
-7
-2
3
13
24
25
27
26
21
15
7
7
13
24
40
44
36
23
6
-11
-21
-24
-25
-15
-10
-13
-27
-45
-63
-72
-68
-56
-39
-27
-21
-23
-19
-9
5
19
31
44
54
56
55
53
51
48
44
34
25
22
20
17
13
4
-6
-11
-16
-25
-28
-24
-11
5
21
29
21
7
1
3
-3
-4
0
0
-13
-34
-49
-57
-58
-57
-53
-45
-48
-64
-82
-84
-76
-70
-57
-39
-20
-2
6
8
9
14
26
43
55
49
44
41
38
32
17
7
0
-15
-26
-21
-12
-6
-8
-13
-22
-29
-38
-48
-43
-20
2
18
29
31
32
25
20
17
22
30
29
14
6
6
9
15
24
32
28
17
16
21
26
28
20
16
15
25
43
44
38
28
24
25
31
25
17
21
27
25
14
-3
-17
-25
-28
-20
-15
-15
-11
-13
-8
1
3
-6
-19
-32
-44
-51
-53
-53
-45
-36
-30
-22
-12
-2
10
14
4
-8
-19
-22
-22
-16
-16
-19
-22
-25
-20
-12
-5
0
14
32
43
43
31
11
-7
-18
-21
-18
-31
-44
-49
-61
-68
-67
-56
-44
-33
-24
-13
-1
8
22
43
65
81
94
90
82
73
73
81
82
75
63
53
51
38
18
-2
-18
-35
-49
-56
-52
-48
-42
-35
-32
-37
-37
-25
-14
-9
-6
-3
-2
-4
-7
-7
-2
2
8
18
18
3
-14
-21
-20
-14
-10
-12
-19
-20
-13
-4
6
13
15
10
2
-7
-11
-14
-14
-18
-23
-21
-22
-15
5
19
15
3
-5
-10
-6
7
18
24
29
32
28
16
8
6
13
24
34
51
67
73
64
49
41
34
23
14
1
-18
-35
-47
-49
-39
-24
-16
-10
-7
-9
-19
-35
-45
-37
-32
-27
-18
-11
-5
-7
-10
-2
12
26
31
32
27
23
11
-7
-20
-27
-31
-25
-8
9
23
32
36
27
18
13
15
16
14
11
9
9
3
-12
-26
-26
-16
-8
-5
-3
-8
-19
-29
-37
-36
-33
-33
-34
-42
-47
-47
-48
-51
-46
-31
-19
-10
-3
2
1
-3
-2
7
15
26
36
38
36
35
41
43
44
46
43
34
24
11
0
0
8
24
40
53
59
61
61
58
41
24
5
-7
-8
-7
7
19
21
22
19
12
-2
-17
-31
-38
-33
-29
-24
-17
-23
-34
-45
-44
-36
-31
-29
-28
-27
-17
-8
1
7
9
14
18
23
20
10
9
16
21
19
14
8
8
6
-2
-11
-20
-34
-48
-55
-62
-64
-59
-55
-47
-48
-60
-60
-54
-55
-57
-58
-63
-55
-29
-2
15
28
39
53
59
57
50
43
32
20
16
21
31
39
55
72
79
81
73
63
62
67
72
79
80
71
64
56
50
48
39
35
34
28
14
1
-16
-36
-49
-63
-71
-65
-55
-54
-50
-49
-44
-30
-17
-9
-11
-14
-15
-23
-26
-28
-33
-36
-41
-39
-33
-31
-26
-25
-31
-28
-17
-9
-23
-34
-32
-35
-45
-57
-55
-39
-23
-17
-11
1
13
13
11
14
17
18
16
14
16
22
28
36
40
33
24
17
13
13
10
15
23
37
42
44
40
37
30
18
7
0
2
0
-4
1
12
23
29
30
28
29
34
40
38
26
18
4
-3
2
11
26
33
19
-2
-17
-28
-31
-25
-20
-18
-6
2
3
1
-6
-15
-23
-33
-43
-48
-51
-50
-43
-39
-36
-29
-21
-20
-26
-36
-42
-48
-59
-53
-34
-25
-28
-29
-28
-26
-22
-12
-3
2
8
14
15
16
14
15
23
33
37
37
34
28
19
21
23
18
20
31
39
42
38
37
39
44
58
70
78
67
46
36
24
12
18
29
27
22
15
7
2
-2
-12
-29
-42
-48
-52
-49
-48
-48
-38
-23
-13
-11
-15
-20
-21
-17
-16
-18
-18
-11
-14
-22
-31
-36
-37
-35
-27
-26
-30
-35
-41
-37
-36
-38
-32
-20
-12
-8
-11
-13
-10
-10
-3
9
13
13
13
19
34
40
43
48
43
32
35
40
42
44
39
25
10
0
-13
-24
-32
-38
-23
-15
-15
-7
7
22
39
47
43
38
41
51
54
51
49
45
35
19
10
9
8
9
8
9
8
4
1
-7
-11
-16
-26
-27
-21
-23
-25
-20
-10
-5
-7
2
16
25
23
16
10
4
-6
-10
-3
-2
1
2
2
2
4
3
6
7
-7
-21
-43
-57
-58
-59
-55
-44
-32
-35
-46
-57
-65
-72
-72
-62
-48
-33
-15
-7
-4
1
2
3
0
-5
-5
-17
-28
-34
-35
-28
-21
-12
3
22
34
34
33
30
22
14
18
22
32
44
62
78
82
79
69
62
55
45
44
47
40
29
20
13
15
18
21
31
40
47
51
43
30
21
13
5
7
14
31
45
41
36
35
34
29
27
19
14
15
9
-9
-26
-40
-56
-64
-72
-80
-89
-85
-73
-72
-72
-66
-57
-55
-56
-48
-45
-46
-42
-39
-29
-11
3
5
6
2
-6
-16
-28
-36
-33
-23
-12
-4
2
19
33
34
34
23
8
-4
-16
-26
-28
-27
-26
-22
-14
3
18
26
32
31
29
25
17
9
9
5
4
9
18
17
9
5
10
19
24
23
19
20
21
14
6
0
4
14
17
20
21
18
18
21
26
30
35
33
24
22
21
20
20
20
26
25
27
20
3
-4
-9
-16
-19
-16
-10
-6
-7
-15
-29
-40
-50
-52
-49
-36
-17
0
7
3
7
19
21
10
-7
-14
-25
-34
-38
-41
-34
-29
-19
-9
-7
-5
-1
4
10
12
7
5
0
-10
-12
-3
5
7
6
5
17
20
15
8
-5
-10
0
6
2
3
6
7
7
8
11
16
17
15
5
-6
-26
-43
-47
-42
-27
-13
0
16
24
32
38
36
30
20
4
-16
-36
-47
-53
-47
-24
-3
9
12
23
41
48
43
37
30
21
12
14
21
27
29
20
8
-4
-11
-15
-27
-43
-48
-52
-64
-73
-66
-50
-36
-29
-30
-24
-9
12
34
46
45
37
33
32
33
37
42
51
59
53
37
31
26
20
14
6
-3
-22
-38
-43
-44
-40
-35
-29
-22
-19
-21
-29
-39
-43
-37
-21
-5
9
6
-7
-10
2
17
28
32
23
19
19
12
14
20
22
25
17
0
-18
-30
-37
-43
-42
-33
-20
-14
-16
-12
2
21
27
28
28
28
27
23
21
15
-6
-15
-6
2
0
-6
0
14
25
30
27
21
15
4
-1
-3
-5
-6
-9
-10
-9
-9
-7
-6
-4
1
-5
-9
-9
-18
-29
-36
-40
-47
-55
-53
-40
-23
-9
4
9
14
25
35
32
23
20
24
26
21
20
19
21
27
27
21
11
-6
-26
-36
-49
-59
-58
-48
-38
-37
-43
-42
-43
-43
-44
-38
-25
-10
8
25
36
50
53
49
49
44
39
30
22
20
23
31
32
20
2
-10
-3
9
6
5
19
29
29
24
26
35
50
59
61
59
42
16
-8
-23
-35
-38
-39
-39
-29
-20
-14
-9
-8
-24
-46
-58
-71
-71
-67
-61
-48
-25
-4
12
14
4
6
15
22
21
13
11
10
1
-6
-3
-1
9
13
8
0
0
3
3
2
0
-5
-4
1
7
11
15
19
27
35
37
29
23
12
-11
-33
-46
-48
-37
-19
-7
0
-2
-17
-34
-54
-67
-65
-39
-3
20
26
27
20
5
-1
4
22
31
27
21
12
-5
-26
-33
-31
-30
-34
-36
-31
-19
-2
10
28
34
27
25
21
21
21
20
14
12
8
7
11
18
31
45
42
32
26
27
28
31
37
32
24
15
4
-6
-16
-20
-11
7
26
28
25
23
15
7
3
-1
2
3
8
9
10
5
-8
-20
-33
-48
-57
-60
-64
-70
-66
-53
-47
-42
-37
-24
-9
-10
-15
-20
-31
-29
-23
-14
-3
4
4
7
16
19
18
18
25
27
27
21
12
10
5
-5
-21
-33
-39
-34
-29
-26
-22
-22
-26
-28
-27
-25
-24
-22
-15
-5
13
34
50
56
62
66
61
46
31
23
18
7
2
1
0
1
5
10
12
3
-11
-14
-6
1
0
1
5
3
7
19
37
55
57
66
74
87
83
66
53
46
45
37
25
25
25
15
0
-18
-28
-31
-31
-26
-20
-7
-1
-6
-14
-25
-35
-38
-39
-42
-52
-51
-39
-31
-31
-34
-35
-32
-39
-52
-64
-68
-64
-52
-38
-30
-20
-13
-20
-27
-29
-27
-16
-13
-12
-12
-5
1
-5
0
6
7
5
-4
-11
-5
4
20
36
38
36
36
35
32
22
16
18
25
37
46
54
52
46
44
45
50
44
33
23
14
11
8
-9
-20
-13
-1
3
-28
-40
3
0
-17
-1
9
25
36
39
38
47
56
59
62
51
32
14
2
-14
-31
-44
-43
-39
-31
-23
-23
-21
-21
-23
-17
-7
2
10
23
41
52
47
30
19
15
9
3
-4
0
9
8
-5
-19
-25
-35
-45
-52
-54
-57
-56
-52
-42
-31
-25
-21
-28
-32
-36
-26
-15
-18
-16
-13
-17
-22
-25
-24
-17
-15
-18
-11
-8
-17
-27
-33
-33
-32
-30
-15
-6
-6
-5
-4
-15
-20
-24
-15
8
19
30
43
53
65
69
76
87
87
87
85
76
69
66
68
70
70
67
57
51
51
52
55
52
43
30
17
9
10
19
28
26
17
2
-14
-14
-5
2
3
0
-8
-26
-43
-56
-63
-60
-57
-52
-43
-42
-45
-50
-64
-82
-103
-120
-125
-120
-108
-100
-97
-89
-76
-65
-63
-57
-48
-37
-14
17
39
49
60
72
79
86
90
87
82
79
79
82
79
77
81
77
65
56
51
57
68
69
63
69
77
79
76
62
48
35
22
17
7
1
0
-5
-9
-10
-14
-19
-25
-33
-40
-42
-55
-68
-88
-109
-117
-121
-122
-126
-124
-114
-97
-85
-76
-71
-73
-72
-72
-68
-57
-49
-36
-12
7
13
16
20
26
22
13
9
14
22
34
47
54
62
72
83
86
78
68
61
55
50
49
51
57
51
29
14
6
7
21
49
78
94
91
72
49
25
5
-12
-12
-5
1
9
13
11
2
-6
-15
-25
-38
-50
-57
-55
-48
-42
-39
-43
-44
-40
-36
-37
-50
-59
-56
-54
-52
-38
-18
2
28
45
39
24
14
11
16
24
26
23
14
8
7
10
11
8
2
-6
-9
-13
-20
-17
-12
-6
4
8
13
22
30
34
36
34
27
17
10
7
8
9
4
-2
-10
-29
-44
-58
-71
-70
-71
-68
-57
-61
-62
-57
-50
-49
-59
-58
-47
-33
-25
-27
-33
-32
-28
-23
-19
-11
-2
6
12
15
25
38
45
42
44
56
68
72
73
72
76
81
83
81
78
76
71
71
67
64
62
63
68
65
53
29
10
-1
-11
-8
-1
6
12
7
3
3
-3
-14
-27
-30
-24
-21
-30
-45
-43
-38
-41
-42
-47
-55
-70
-85
-91
-86
-81
-72
-60
-49
-51
-62
-62
-56
-56
-64
-65
-60
-60
-52
-33
-22
-23
-26
-26
-24
-30
-34
-28
-19
-7
2
6
18
33
36
34
42
49
58
73
88
104
111
109
100
90
91
86
81
77
63
47
38
33
33
33
32
35
36
35
33
23
21
26
30
23
6
-10
-28
-43
-58
-66
-82
-105
-120
-126
-130
-128
-119
-110
-97
-87
-85
-83
-74
-63
-67
-72
-71
-58
-36
-11
10
40
66
80
91
98
114
128
132
130
129
138
139
129
110
93
88
79
58
43
37
42
45
43
47
44
32
22
14
1
-13
-18
-28
-43
-63
-74
-78
-86
-91
-92
-100
-113
-129
-137
-140
-145
-151
-151
-145
-143
-147
-155
-159
-156
-136
-101
-71
-47
-25
-3
25
43
56
68
76
87
94
95
101
109
118
127
128
114
97
87
90
102
110
111
121
127
128
122
103
82
65
55
45
35
27
22
16
14
8
-10
-26
-44
-60
-72
-74
-75
-85
-89
-86
-83
-82
-81
-77
-71
-64
-67
-74
-70
-52
-40
-33
-39
-35
-27
-37
-30
-24
-12
6
11
15
21
31
32
25
22
29
32
24
21
14
4
-2
-1
3
16
32
39
47
50
46
41
40
38
30
13
-8
-21
-20
-17
-7
3
9
7
-2
-9
-10
-9
-4
7
7
1
3
11
15
10
-1
-13
-19
-21
-21
-15
3
14
12
6
-9
-27
-36
-36
-20
-4
5
15
18
16
16
11
10
14
22
24
10
0
1
7
6
-4
-14
-16
-16
-18
-20
-20
-21
-23
-24
-30
-35
-29
-19
-12
-16
-26
-25
-19
-18
-15
-12
-11
-3
5
6
0
-10
-12
-8
-3
12
27
30
28
17
-4
-25
-40
-38
-24
-14
-7
-6
-16
-31
-37
-38
-20
11
25
37
50
61
74
82
92
98
88
69
54
48
50
50
53
57
46
26
8
0
-11
-27
-33
-27
-12
-7
-6
4
17
15
12
12
17
13
7
12
22
27
23
4
-7
-15
-21
-16
-19
-21
-27
-40
-44
-43
-44
-45
-36
-31
-34
-39
-37
-32
-33
-28
-20
-9
-8
-18
-22
-18
-14
-21
-30
-29
-30
-34
-45
-58
-69
-75
-75
-75
-75
-73
-60
-39
-25
-7
14
25
26
22
8
0
6
19
41
53
59
66
73
79
82
88
76
60
52
41
32
36
42
50
55
58
60
54
43
39
37
30
23
19
12
-2
-4
-4
-6
-12
-15
-13
-23
-36
-46
-48
-51
-62
-57
-45
-32
-24
-22
-29
-31
-26
-14
-4
-3
-4
-4
-3
-4
3
21
44
56
55
55
58
61
56
54
51
46
37
29
27
29
34
38
38
37
24
9
-6
-20
-33
-43
-47
-54
-67
-78
-81
-77
-81
-93
-99
-91
-73
-61
-64
-68
-68
-71
-70
-67
-64
-57
-52
-47
-38
-30
-20
-8
5
13
13
18
28
35
35
25
10
-1
-4
0
6
19
40
55
74
86
86
81
71
58
44
43
49
62
86
111
122
117
94
66
42
28
24
25
35
42
45
46
44
42
25
2
-13
-24
-26
-21
-14
-13
-20
-33
-51
-77
-102
-115
-111
-104
-93
-85
-79
-80
-89
-89
-88
-91
-94
-94
-95
-96
-89
-77
-65
-42
-17
-5
5
4
-9
-17
-7
8
13
22
37
58
75
74
66
62
61
66
74
82
88
83
93
105
109
120
113
106
100
87
88
100
105
110
120
125
116
96
76
49
18
-5
-11
-11
-24
-45
-63
-80
-91
-94
-96
-102
-109
-116
-120
-127
-143
-147
-136
-125
-122
-117
-108
-81
-77
-98
-107
-120
-130
-148
-143
-130
-118
-101
-83
-72
-67
-62
-45
-14
16
26
25
19
12
17
23
44
71
84
91
90
83
83
81
81
87
93
109
116
132
131
152
200
215
215
230
266
268
265
291
328
325
309
307
313
279
240
229
238
221
196
182
170
137
92
45
7
-30
-63
-96
-126
-150
-176
-226
-289
-343
-391
-470
-566
-635
-691
-779
-898
-986
-1040
-1124
-1230
-1277
-1304
-1379
-1486
-1521
-1513
-1540
-1595
-1571
-1506
-1468
-1439
-1329
-1200
-1083
-990
-838
-672
-508
-331
-164
9
181
364
538
692
840
1001
1155
1287
1405
1531
1649
1727
1779
1841
1909
1971
2029
2096
2153
2169
2166
2157
2131
2084
2018
1951
1871
1762
1641
1505
1347
1173
994
814
621
409
188
-33
-242
-446
-634
-809
-990
-1164
-1301
-1407
-1502
-1582
-1641
-1681
-1716
-1750
-1763
-1750
-1721
-1690
-1651
-1604
-1550
-1484
-1412
-1329
-1246
-1161
-1076
-994
-921
-854
-775
-678
-581
-480
-357
-225
-106
4
118
236
363
486
611
747
870
982
1071
1140
1191
1212
1207
1177
1142
1095
1036
959
878
804
736
665
587
504
426
356
290
229
195
184
169
145
117
99
83
60
36
10
-14
-41
-70
-96
-126
-160
-199
-237
-275
-324
-384
-447
-504
-549
-593
-640
-690
-740
-790
-832
-866
-889
-903
-913
-910
-900
-883
-854
-806
-752
-685
-617
-537
-451
-369
-282
-203
-128
-38
52
139
229
311
383
454
520
595
696
793
854
904
995
1113
1192
1220
1262
1357
1439
1468
1486
1529
1573
1583
1568
1542
1509
1459
1392
1322
1255
1189
1104
985
850
712
567
409
237
67
-95
-262
-451
-644
-796
-919
-1051
-1199
-1318
-1402
-1468
-1532
-1574
-1584
-1587
-1593
-1587
-1549
-1497
-1446
-1376
-1286
-1171
-1050
-950
-860
-763
-657
-565
-482
-394
-300
-215
-154
-112
-71
-32
-2
18
28
32
26
13
-9
-48
-92
-139
-210
-299
-375
-423
-463
-519
-596
-668
-724
-768
-796
-808
-804
-800
-787
-768
-729
-665
-593
-491
-354
-230
-107
93
360
572
666
767
1015
1331
1529
1622
1790
2044
2219
2257
2319
2499
2684
2737
2723
2760
2822
2792
2672
2585
2570
2522
2393
2222
2062
1921
1749
1538
1323
1130
946
713
399
74
-192
-423
-712
-1039
-1310
-1508
-1733
-2035
-2310
-2482
-2616
-2800
-2965
-3017
-3032
-3093
-3160
-3134
-3022
-2908
-2826
-2728
-2594
-2441
-2284
-2118
-1914
-1688
-1456
-1234
-1080
-962
-798
-581
-350
-129
102
342
521
627
722
863
1046
1239
1452
1655
1813
1942
2075
2178
2181
2178
2312
2532
2613
2481
2326
2278
2220
2031
1799
1660
1586
1412
1089
725
407
145
-96
-320
-524
-744
-1006
-1299
-1573
-1782
-1937
-2062
-2148
-2185
-2222
-2315
-2421
-2465
-2445
-2372
-2275
-2188
-2135
-2088
-1999
-1880
-1734
-1544
-1324
-1128
-968
-774
-551
-413
-376
-239
124
516
691
659
759
1199
1668
1733
1490
1585
2234
2800
2696
2369
2577
3143
3316
3015
2957
3387
3707
3569
3333
3379
3453
3211
2878
2792
2848
2658
2229
1839
1578
1346
996
591
235
-44
-273
-589
-1060
-1540
-1819
-1944
-2212
-2604
-2851
-2907
-3040
-3319
-3437
-3351
-3337
-3501
-3578
-3396
-3224
-3242
-3247
-3004
-2625
-2425
-2409
-2300
-1927
-1471
-1304
-1355
-1125
-407
179
-58
-534
-194
826
1321
947
735
1263
1831
1725
1366
1477
1980
2347
2333
2111
1944
1892
1799
1570
1428
1499
1416
907
397
296
252
-193
-720
-828
-742
-987
-1536
-1973
-2102
-2016
-1931
-2002
-2154
-2152
-2020
-2048
-2237
-2224
-1946
-1749
-1725
-1569
-1238
-1066
-1067
-883
-410
36
281
504
870
1288
1562
1620
1699
2117
2781
3152
3044
2981
3386
3895
3946
3755
3923
4399
4567
4268
3982
3960
3942
3759
3637
3690
3611
3187
2646
2260
1947
1545
1117
777
453
-7
-600
-1191
-1625
-1884
-2057
-2256
-2549
-2912
-3256
-3540
-3809
-4045
-4124
-4049
-4025
-4158
-4287
-4266
-4202
-4188
-4105
-3855
-3613
-3549
-3524
-3335
-3034
-2798
-2613
-2329
-1958
-1646
-1414
-1167
-853
-517
-158
278
734
1075
1291
1574
1988
2313
2394
2455
2742
3097
3224
3156
3158
3259
3261
3122
3014
2956
2820
2591
2365
2142
1835
1468
1159
947
744
445
90
-243
-517
-753
-1005
-1220
-1362
-1483
-1653
-1866
-2058
-2199
-2300
-2358
-2380
-2450
-2572
-2616
-2525
-2467
-2565
-2566
-2213
-1725
-1633
-1934
-1986
-1484
-908
-776
-822
-552
-49
215
176
220
463
690
1004
1715
2423
2327
1587
1542
2691
3740
3560
2973
3405
4463
4605
3717
3253
3957
4872
4969
4526
4213
4031
3670
3310
3317
3515
3408
2890
2285
1859
1518
1069
520
145
87
7
-592
-1669
-2491
-2594
-2420
-2663
-3280
-3702
-3815
-4105
-4713
-5166
-5157
-4982
-4959
-4959
-4821
-4732
-4864
-4943
-4655
-4143
-3754
-3565
-3409
-3185
-2907
-2574
-2249
-1973
-1580
-987
-478
-326
-267
124
712
1062
1292
1903
2662
2764
2252
2159
2999
3927
4037
3649
3495
3595
3500
3189
3056
3228
3433
3353
2887
2248
1715
1386
1156
953
805
609
158
-497
-1035
-1305
-1479
-1745
-2071
-2329
-2476
-2609
-2800
-2961
-2981
-2881
-2828
-2872
-2822
-2649
-2543
-2479
-2240
-1806
-1491
-1452
-1416
-1154
-813
-628
-530
-296
75
376
473
449
496
780
1301
1833
2156
2274
2279
2322
2543
2985
3521
3909
4112
4287
4482
4549
4489
4567
4924
5295
5354
5096
4728
4366
4038
3787
3642
3487
3157
2609
1933
1271
705
228
-180
-518
-855
-1308
-1943
-2676
-3318
-3735
-3969
-4175
-4431
-4712
-5018
-5350
-5649
-5808
-5778
-5639
-5503
-5429
-5412
-5431
-5433
-5325
-5046
-4647
-4256
-3945
-3680
-3392
-3077
-2739
-2341
-1813
-1202
-646
-272
-13
323
780
1272
1771
2390
3096
3507
3387
3138
3371
4117
4739
4794
4534
4434
4510
4385
4011
3786
3932
4103
3813
3127
2502
2126
1818
1447
1088
803
429
-175
-833
-1307
-1583
-1859
-2195
-2478
-2657
-2822
-3068
-3384
-3582
-3484
-3279
-3160
-3098
-3034
-2936
-2822
-2647
-2374
-2114
-1830
-1589
-1493
-1477
-1321
-1047
-724
-317
-23
81
75
156
310
495
823
1602
2428
2955
2798
2244
2339
3157
4169
4577
4603
4779
5245
5354
5090
4881
5092
5614
5821
5685
5395
4974
4355
3937
3740
3730
3522
2830
2003
1244
706
173
-529
-1127
-1492
-1858
-2438
-3142
-3869
-4465
-4775
-4891
-5092
-5272
-5692
-5974
-6146
-5812
-5927
-6553
-5999
-5652
-5548
-5486
-5367
-5343
-5153
-4506
-3907
-3433
-3082
-2923
-2748
-2303
-1816
-1283
-662
-52
379
695
974
1238
1675
2183
2595
3046
3790
4358
4105
3511
3535
4390
5049
4935
4554
4484
4504
4153
3683
3410
3372
3284
2977
2401
1716
1260
901
427
-34
-209
-417
-1083
-1908
-2377
-2448
-2567
-2885
-3210
-3372
-3408
-3569
-3897
-4160
-4011
-3582
-3448
-3579
-3604
-3344
-3029
-2871
-2545
-2007
-1666
-1639
-1441
-1082
-926
-853
-426
373
939
1192
1281
1247
1087
1224
2010
3020
3542
3546
3747
4181
4258
3922
4117
5283
6288
6159
5589
5684
6160
6084
5582
5610
6236
6507
5968
5189
4739
4465
4029
3492
3097
2735
2137
1260
253
-690
-1403
-1848
-2307
-3026
-3808
-4392
-4926
-5612
-6225
-6432
-6395
-6562
-6942
-7214
-7308
-7436
-7576
-7451
-7021
-6551
-6269
-6069
-5849
-5572
-5208
-4712
-4141
-3547
-2912
-2371
-1988
-1711
-1335
-802
-228
325
872
1377
1750
2047
2386
2849
3423
3989
4301
4392
4670
5255
5585
5213
4743
4863
5300
5337
4893
4383
3943
3515
3145
2862
2531
2169
1854
1345
544
-129
-380
-587
-1075
-1541
-1682
-1837
-2404
-3088
-3401
-3352
-3323
-3449
-3568
-3591
-3613
-3748
-3881
-3867
-3666
-3389
-3091
-2830
-2656
-2432
-2135
-1887
-1759
-1607
-1320
-994
-763
-530
-165
158
297
440
829
1234
1303
1286
1743
2637
3328
3649
4133
4922
5239
4777
4523
5417
6768
7160
6668
6519
7062
7325
6848
6452
6707
6979
6543
5713
5150
4790
4156
3245
2454
1910
1351
510
-616
-1750
-2603
-3138
-3631
-4358
-5195
-5800
-6206
-6754
-7418
-7773
-7718
-7659
-7860
-8044
-7941
-7773
-7787
-7759
-7393
-6821
-6336
-5920
-5390
-4815
-4363
-3968
-3404
-2643
-1837
-1086
-429
89
494
925
1448
1968
2426
2885
3300
3532
3620
3814
4180
4525
4727
4827
4868
4831
4786
4845
4816
4457
3940
3652
3626
3493
3028
2403
1859
1448
1113
799
471
122
-261
-742
-1250
-1595
-1698
-1763
-2010
-2348
-2593
-2750
-2918
-3081
-3143
-3078
-2981
-3014
-3212
-3393
-3363
-3167
-2962
-2758
-2521
-2390
-2469
-2533
-2261
-1790
-1541
-1572
-1581
-1381
-1054
-736
-517
-431
-336
-10
533
1045
1346
1537
1901
2513
3160
3711
4450
5503
6156
5808
5239
5866
7566
8635
8298
7671
7757
8025
7711
7204
7211
7419
7022
6065
5209
4647
3973
2946
1877
1182
750
117
-979
-2376
-3626
-4416
-4869
-5316
-5900
-6546
-7178
-7844
-8476
-8780
-8685
-8541
-8633
-8752
-8571
-8157
-7885
-7774
-7522
-6982
-6212
-5337
-4470
-3760
-3264
-2852
-2274
-1434
-470
496
1338
1889
2166
2420
2832
3310
3683
3960
4225
4403
4386
4252
4124
3988
3794
3599
3467
3371
3253
3071
2727
2186
1672
1405
1341
1262
1032
687
292
-93
-389
-574
-669
-706
-785
-1022
-1338
-1476
-1371
-1270
-1325
-1394
-1363
-1322
-1346
-1370
-1377
-1419
-1454
-1392
-1317
-1365
-1518
-1695
-1837
-1819
-1582
-1383
-1495
-1716
-1651
-1361
-1229
-1352
-1450
-1377
-1282
-1255
-1164
-892
-580
-462
-509
-388
110
783
1323
1692
2194
3182
4718
6072
6271
5521
5328
6612
8285
8890
8693
8771
8949
8366
7423
7361
8098
8207
7103
5744
4976
4424
3401
1950
593
-386
-1099
-1853
-2954
-4398
-5812
-6867
-7579
-8090
-8351
-8414
-8672
-9369
-10100
-10171
-9538
-8877
-8528
-8194
-7594
-6901
-6349
-5780
-4997
-4106
-3214
-2229
-1118
-105
536
891
1257
1791
2487
3250
3945
4311
4268
4105
4030
3946
3824
3794
3796
3566
3064
2578
2237
1835
1230
631
320
258
138
-182
-526
-729
-994
-1413
-1643
-1518
-1278
-1115
-958
-881
-993
-1031
-748
-349
9
478
929
933
583
505
852
1104
1054
1019
1050
851
386
-77
-375
-524
-662
-993
-1511
-1857
-1917
-2108
-2564
-2865
-2796
-2749
-2995
-3175
-3000
-2780
-2838
-2958
-2818
-2492
-2152
-1682
-1117
-746
-527
-90
589
1207
1841
2784
3941
5130
6618
8155
8515
7463
6785
8054
10170
11118
10978
10918
10701
9490
7953
7455
7771
7533
6359
4891
3523
2149
696
-764
-2253
-3630
-4596
-5299
-6205
-7432
-8621
-9511
-10305
-10984
-11027
-10332
-9624
-9649
-10108
-10033
-9170
-8017
-6927
-5777
-4465
-3305
-2439
-1548
-505
496
1322
2141
3169
4178
4838
5101
4997
4639
4284
4227
4382
4219
3604
2894
2249
1487
538
-238
-645
-1072
-1760
-2425
-2858
-3257
-3798
-4122
-3934
-3580
-3465
-3404
-3058
-2603
-2364
-2045
-1109
160
905
1046
1428
2433
3397
3797
3962
4215
4335
4172
4038
4096
4080
3834
3453
2892
2186
1734
1594
1181
158
-1005
-1765
-2236
-2635
-2860
-3007
-3426
-4111
-4588
-4625
-4367
-3979
-3681
-3520
-3303
-3059
-2926
-2731
-2251
-1651
-1333
-1276
-1070
-638
-127
366
595
550
677
1291
2103
2796
3566
4530
5482
6778
8673
9737
8602
6700
6701
8511
9617
9336
9148
9110
7854
5661
4431
4594
4493
3314
1898
723
-448
-1689
-2860
-4158
-5715
-6968
-7526
-7746
-8031
-8243
-8178
-8319
-9020
-9488
-8803
-7254
-6029
-5580
-5151
-4235
-3190
-2301
-1381
-263
758
1398
1954
2667
3271
3448
3243
2990
2830
2682
2645
2616
2264
1561
833
258
-433
-1243
-1768
-1997
-2359
-3089
-3812
-4180
-4404
-4584
-4524
-4203
-3887
-3699
-3379
-2807
-2215
-1693
-1145
-440
410
1258
2138
3008
3708
4220
4686
5514
6581
7216
7192
6652
6014
5467
4996
4817
4575
3807
2588
1129
-129
-1004
-1552
-1970
-2735
-3556
-4044
-4248
-4274
-4443
-4565
-4499
-4443
-4193
-3745
-3104
-2435
-2159
-2124
-2124
-1887
-1323
-813
-273
180
267
148
-103
-142
16
81
276
240
-191
-689
-1227
-1427
-1407
-1126
-359
7
57
980
3644
7130
8448
7106
5531
5514
6935
8082
9021
10629
11289
9956
7575
6015
6147
6153
5093
3720
2281
1095
6
-1204
-2507
-4318
-6056
-7371
-8493
-8874
-8453
-7586
-7361
-8556
-9548
-9153
-7803
-6382
-5417
-4117
-2597
-1798
-1359
-689
463
1561
2018
2513
3267
3950
4385
4328
3984
3343
2470
1761
1067
431
-42
-548
-1302
-2578
-3865
-4544
-4914
-5299
-5641
-5642
-5398
-5440
-5618
-5344
-4567
-3764
-3299
-2864
-2008
-865
191
1046
1719
2288
2796
3290
3941
4772
5689
6499
6938
6835
6429
6361
6760
6862
6053
4711
3513
2483
1502
920
803
507
-402
-1612
-2667
-3376
-3693
-3708
-3754
-3950
-3865
-3225
-2388
-1820
-1521
-1273
-1032
-758
-289
467
1333
1833
1642
1029
568
446
329
20
-218
-368
-809
-1603
-2312
-2659
-3009
-3663
-4405
-5077
-5653
-5850
-5491
-5006
-4871
-4693
-3829
-2488
-548
3040
7513
9668
8171
6103
6745
8889
9946
10774
12894
14573
13436
10561
8942
8628
7509
5400
3316
1595
108
-993
-1594
-2915
-5457
-7833
-9367
-10382
-10870
-10089
-8113
-7012
-7632
-8305
-7739
-6294
-5158
-4216
-2480
-530
761
1589
2684
4202
5054
4902
4631
4495
4433
4467
4510
4293
3151
1304
-386
-1895
-3257
-4151
-4477
-4799
-5865
-7197
-7866
-7963
-8085
-8304
-8028
-7176
-6248
-5238
-3961
-2526
-1297
-592
73
1189
2596
4117
5606
6871
7593
7715
7622
7428
7131
6765
6427
6085
5323
4403
3719
2956
2203
1821
1567
747
-808
-2410
-3495
-3947
-3966
-3798
-3481
-3209
-3101
-3052
-2987
-2535
-1641
-980
-710
-271
543
1572
2501
2990
3083
2899
2417
1876
1597
1479
1336
1069
345
-852
-1888
-2485
-3021
-3752
-4650
-5416
-5928
-6344
-6487
-6539
-6978
-7387
-7298
-6927
-6524
-6020
-4976
-3433
-1827
455
4746
10427
13947
13269
11160
10982
12114
12403
12882
15540
17905
16523
12883
10418
9252
7226
4139
1518
-532
-2504
-3874
-4456
-5367
-7379
-9571
-11340
-13206
-14347
-13112
-10077
-7778
-7321
-7048
-5723
-4478
-4041
-3225
-1027
1599
3324
4509
5878
7091
7352
6526
5400
4477
3637
2987
2650
2438
1741
-68
-2593
-5126
-7203
-8415
-8895
-9082
-9340
-9556
-9400
-9102
-8882
-8473
-7491
-5993
-4599
-3308
-1464
919
3080
4427
5281
6164
6950
7590
8307
9019
9408
9271
8620
7563
6390
5402
4458
3209
1737
426
-615
-1514
-2278
-2932
-3569
-3930
-3671
-3131
-2896
-2856
-2668
-2456
-2192
-1391
-87
1052
1860
2648
3262
3401
3377
3476
3372
2933
2605
2577
2515
2266
1990
1496
426
-945
-2012
-2575
-2894
-3248
-3684
-4192
-4855
-5644
-6344
-6751
-6859
-6859
-6773
-6425
-5822
-5233
-4878
-4605
-4185
-3672
-3313
-3036
-2231
-666
1269
3941
8396
13765
16662
15395
12691
11629
11632
11208
11550
13666
14961
12922
9321
7037
5593
3022
-275
-2742
-4530
-6143
-6890
-6628
-6665
-7806
-9378
-10883
-12357
-12850
-11056
-7685
-4957
-3704
-2802
-1584
-735
-388
375
1919
3406
4255
4956
6020
7127
7268
6069
4118
2163
430
-1071
-1823
-1894
-2089
-3307
-5417
-7264
-8549
-9280
-9498
-9091
-8539
-8224
-7429
-6354
-5250
-3965
-2438
-1325
-853
144
2105
4498
6411
7476
7979
8188
8125
7564
7031
7018
7010
6407
5267
4052
2841
1463
-116
-1750
-3203
-4321
-4914
-5031
-5066
-5051
-4749
-4388
-4294
-3659
-1422
1175
2309
2526
3115
3780
3856
4057
5065
5909
5870
5404
4654
3821
3217
2584
1540
220
-688
-1166
-1517
-1700
-1970
-2575
-3574
-4656
-5299
-5319
-4763
-4028
-3624
-3719
-4069
-4299
-4415
-4501
-4253
-3684
-3135
-2700
-2338
-1852
-1506
-1612
-1720
-1798
-1946
-1799
-1409
-513
1488
5045
10012
13409
12841
10302
8540
8180
7798
7581
9731
11989
11004
8386
6528
5582
3710
556
-1705
-3433
-4907
-5090
-4793
-4271
-4507
-6001
-7689
-9786
-10875
-9727
-7261
-4732
-3476
-2485
-910
-16
169
261
850
1649
1756
2204
3641
5223
5960
5154
3584
1988
273
-1331
-2457
-2600
-2183
-2403
-3569
-5068
-6125
-6766
-7425
-7809
-7443
-6489
-5411
-4217
-2647
-1040
-48
275
426
809
1672
3068
4537
5558
6134
6424
6253
5588
4922
4507
4006
3169
2271
1564
884
75
-918
-2077
-3299
-4425
-5121
-5300
-5019
-4355
-3762
-3357
-2865
-2142
-1100
361
2491
4542
5414
5573
5722
5758
5576
5536
5853
5737
4931
4129
3286
2364
1578
603
-754
-2169
-2963
-3022
-2793
-2524
-2596
-3091
-3691
-4238
-4455
-4167
-3540
-3020
-2945
-3140
-3432
-3583
-3532
-3582
-3590
-3385
-3116
-2951
-2766
-2255
-1880
-2226
-2877
-3416
-3759
-3742
-3205
-1806
672
4935
10461
13513
12664
10917
10197
9441
7820
8069
11210
12672
10959
9120
8472
7531
4634
1419
-766
-3194
-5237
-5714
-5053
-4483
-4995
-6024
-7708
-10141
-11276
-10243
-8164
-6355
-4932
-3044
-1355
-571
-7
662
1277
1439
1423
2131
3535
5148
6126
5748
4508
2999
1338
-375
-1648
-1868
-1744
-2463
-3694
-4496
-4919
-5691
-6815
-7411
-7299
-6998
-6420
-5278
-3718
-2154
-1081
-597
-437
-118
855
2182
3421
4588
5525
5983
5762
5198
4939
4671
3887
2782
1922
1426
859
230
-281
-940
-1933
-3048
-3873
-4240
-4318
-4032
-3346
-2675
-2078
-1315
-354
712
1926
3834
6100
7386
7669
7576
7215
6628
5968
5505
4964
4045
3048
1786
349
-694
-1632
-2783
-3917
-4627
-4893
-5085
-5023
-4682
-4488
-4539
-4795
-4840
-4410
-3889
-3639
-3718
-3812
-3805
-3828
-3596
-3065
-2574
-2280
-2228
-2168
-1825
-1237
-702
-650
-1135
-1874
-2377
-2360
-2210
-1465
1735
7692
12800
13578
11981
11379
10710
8437
7277
9502
11853
10994
9217
9113
8984
6924
3880
1086
-1954
-5020
-6411
-5996
-5140
-4572
-4572
-5821
-8372
-10368
-10336
-9271
-8313
-7023
-5014
-3068
-1705
-309
1164
1830
1570
1076
976
1775
3570
5398
5978
5404
4526
3185
1009
-1011
-1729
-1748
-2419
-3683
-4467
-4634
-4999
-5805
-6510
-6895
-7276
-7598
-7290
-6049
-4190
-2365
-1149
-616
-244
463
1342
2091
2921
4001
4899
5279
5544
5995
6097
5378
4275
3351
2551
1739
1166
912
533
-296
-1362
-2297
-2971
-3412
-3590
-3463
-3112
-2656
-2066
-1169
-25
980
1805
2831
4098
5210
6100
6936
7332
6855
5811
4736
3809
3032
2338
1606
822
20
-856
-1766
-2467
-3018
-3803
-4731
-5241
-5164
-4861
-4554
-4239
-4078
-4261
-4715
-5101
-5042
-4563
-4023
-3599
-3116
-2520
-2006
-1582
-1116
-694
-487
-508
-647
-720
-721
-857
-702
413
1605
1625
2100
5315
9021
9563
8466
8892
9175
7105
5533
6946
8480
7722
6665
6459
5540
3805
2516
1215
-860
-2635
-3318
-3680
-3951
-3636
-3354
-4085
-5369
-6145
-6329
-6174
-5516
-4522
-3665
-2926
-2061
-1254
-665
-39
529
550
281
631
1748
2679
2770
2532
2486
2163
1046
-292
-953
-1086
-1443
-2066
-2432
-2514
-2735
-3175
-3519
-3635
-3750
-3989
-4016
-3498
-2659
-1962
-1462
-941
-488
-259
-19
519
1185
1644
1808
1860
2038
2289
2387
2296
2134
1823
1228
587
219
78
-122
-485
-863
-1163
-1416
-1624
-1613
-1302
-934
-698
-307
612
1899
3116
3998
4470
4556
4379
4132
3940
3836
3674
3280
2744
2290
1865
1314
696
63
-607
-1228
-1602
-1707
-1667
-1590
-1718
-2312
-3210
-3918
-4255
-4467
-4631
-4587
-4379
-4185
-4013
-3721
-3246
-2759
-2456
-2324
-2029
-1441
-852
-362
-77
-211
-509
-749
-984
-1073
-1037
-1229
-1519
-1413
-1029
565
5708
11417
11519
8604
8960
10065
7609
6174
8944
9516
5636
3431
3995
4111
4117
3825
1433
-1705
-3429
-4694
-5216
-3043
-1080
-2336
-4188
-4949
-5698
-5580
-3836
-2927
-3758
-3794
-2941
-2513
-1308
555
967
210
-252
-733
-767
1070
2894
2364
1450
1719
1199
-293
-404
397
-42
-1264
-2192
-2873
-2935
-2557
-2888
-3528
-3434
-3678
-4747
-4506
-2855
-2335
-2831
-2470
-1960
-2356
-2284
-1074
-36
492
932
970
1037
1821
2370
2005
1829
2048
1609
1117
1610
2175
2079
1835
1323
403
6
171
-58
-294
47
187
93
717
1608
2050
2488
2852
2686
2445
2591
2774
2882
3077
2966
2431
1973
1656
1320
1079
828
369
-137
-400
-498
-708
-1029
-1415
-1861
-2236
-2367
-2234
-2132
-2202
-2403
-2696
-2898
-2885
-2764
-2686
-2515
-2208
-1984
-1770
-1413
-1073
-953
-948
-803
-577
-398
-425
-615
-676
-801
-1168
-1521
-1590
-1589
-1602
-968
103
732
865
638
-33
-366
872
2753
3586
4057
4731
4504
3815
4229
5211
5387
5181
5036
4336
3938
4379
4271
3564
2993
1981
436
-209
243
222
-97
-101
-672
-1570
-2007
-2207
-2356
-2175
-2006
-2379
-2421
-1776
-1487
-1573
-1440
-1362
-1683
-1958
-1685
-1191
-831
-669
-942
-1547
-1967
-2022
-2041
-2046
-1822
-1856
-2256
-2233
-1828
-1807
-1966
-1928
-2189
-2582
-2220
-1437
-979
-569
-209
-319
-475
-225
60
235
499
441
35
80
535
781
906
965
680
255
37
14
191
631
831
654
673
845
962
1394
2002
2209
2288
2326
2082
1813
1885
2007
1880
1813
1594
1178
1025
1050
794
428
153
-178
-493
-698
-657
-575
-602
-954
-1694
-2133
-2036
-1859
-1717
-1585
-1516
-1480
-1825
-1801
-957
-432
-505
-843
-824
-379
-244
-33
637
770
542
239
-156
396
840
747
431
-101
-275
-608
-1105
-951
-443
-661
-1043
-1166
-547
29
-228
161
342
131
-6
-225
269
1336
2075
2114
2029
2226
2386
2082
2228
2949
3085
2862
2712
2732
2933
3135
2903
2369
2004
1449
1015
1042
1093
1120
758
140
-376
-867
-1095
-1123
-956
-826
-990
-1249
-1193
-1133
-1428
-1391
-1321
-1322
-1084
-1066
-907
-786
-883
-1202
-1775
-1985
-2302
-2826
-2803
-2498
-2676
-2838
-2503
-2003
-1988
-2052
-1680
-1733
-1546
-1602
-1524
-843
-857
-539
-724
-557
144
-316
-657
-632
-562
-799
-903
-432
365
224
-267
140
209
258
440
957
1273
1449
1500
1037
923
1593
1718
1198
1647
1407
1262
1319
1502
1549
768
378
546
-275
210
1506
729
620
126
-36
-387
-342
643
-122
-395
163
726
163
114
1225
411
38
752
765
637
2232
1872
-173
1045
912
-121
-209
510
1066
-342
-433
-485
-616
-253
-430
-1203
-1010
-617
-547
-759
-397
967
-156
-490
-408
198
1265
-14
-117
70
-165
-25
248
150
1785
698
-316
1135
-159
1462
-22
452
1640
85
1236
521
300
146
757
-12
75
595
-270
-334
-726
11
-417
-828
-1385
-832
-1539
-1804
-275
-1234
-1849
-1256
-1563
-1689
-1004
-750
-563
-1204
-403
-577
-1031
933
-255
-28
598
-415
55
-23
130
157
441
337
-494
-248
558
-263
41
109
-540
-15
-634
-979
-691
-379
241
-570
-680
722
-1351
-627
121
-561
475
135
-952
-351
422
-181
458
-259
184
-313
-406
703
334
1097
472
136
376
799
1117
586
694
1685
105
-365
1432
-75
512
553
664
-44
-361
1263
-819
59
782
-1131
21
-203
-1241
490
197
-470
-23
-451
-696
-197
-227
-32
-226
-293
704
-768
357
575
-271
1379
-178
-92
433
186
1567
228
729
1390
-165
1487
786
-302
2451
574
-697
1980
-691
307
1791
-891
889
2
-417
1325
-769
357
591
-1039
1506
-984
-179
1627
-1171
897
588
-310
819
824
-225
-618
214
810
-1331
-704
1677
-1419
-280
222
-796
-74
-419
-821
-926
-557
-613
643
-1606
-146
947
-1890
805
-887
-209
759
-1817
695
-761
-660
722
-435
-500
116
171
-448
-385
-982
17
-457
-1126
-8
-594
-949
-531
-1316
-81
-694
-1056
-410
-1079
222
-751
-691
-560
-744
-140
-906
-426
754
-957
396
778
-2759
956
-413
-889
1186
-576
380
-515
1074
-129
-346
1221
-217
-267
1009
972
-1413
1672
279
-1597
1272
944
-342
-445
2729
-116
-983
1665
208
30
1168
2147
44
625
1609
1001
-802
1255
2640
-1834
2906
358
-1109
3636
-785
729
811
-144
1071
-710
1305
375
-1168
970
-505
-432
950
-770
-611
662
-147
-1245
312
-183
-634
1033
-871
-604
158
447
-404
-101
1493
-647
289
-320
672
-25
-40
707
-241
830
-320
-6
-154
819
-851
756
284
-1161
1185
-1053
-912
1269
-906
-970
906
-1044
520
-1100
-710
746
-1745
712
-472
-35
-458
-737
449
-1667
1015
495
-1214
-300
413
-1010
-1321
1085
-526
-1569
282
-124
-2146
561
375
-2943
1056
-824
-2191
1472
-1321
-467
54
-568
-286
-506
452
-507
6
-346
246
-724
734
103
-1999
2251
-319
-1788
1767
-232
-331
-126
885
-311
-487
1601
-1516
424
1096
197
-592
1287
855
-201
744
-252
1651
-223
1164
593
-276
1748
-1091
1389
366
729
755
-247
763
-535
1906
-776
223
641
340
-260
-158
1745
-1142
414
338
-5
-738
782
865
-1823
1595
-15
-984
298
785
-535
-1073
1361
-404
-736
753
33
-851
292
655
-1496
652
513
-1239
1328
-1353
409
739
-619
-114
-246
701
-512
449
-385
0
-141
613
-1241
-412
1969
-2081
-450
1242
-1385
-428
493
-660
-773
530
-142
-1464
1295
-296
-833
956
-655
796
112
548
-127
448
919
-998
1608
-60
399
-307
-192
1634
-1624
870
581
-1589
793
-20
-1452
386
340
-1776
474
-242
-489
-296
316
-83
-1260
2056
-1332
-254
1011
37
12
-400
1472
-1034
511
8
-44
-705
638
259
-1952
1581
-994
-78
-888
651
-519
-1505
1723
-1328
-86
144
821
-1756
728
1499
-2144
2041
-489
916
-701
839
1263
-1417
1918
-165
339
-262
1193
-1019
342
977
-1017
334
3
448
-691
-42
107
177
-709
290
208
-587
570
-40
126
-1192
1474
504
-2554
2510
244
-1448
84
1366
-1007
135
1833
-955
-273
74
1307
-1813
952
582
-317
-163
404
643
-1891
2036
-288
-1698
1651
250
-1004
871
107
-187
-348
-171
649
-686
353
369
-10
-576
395
-316
67
132
-240
651
-680
714
-655
-59
329
-476
635
-532
544
-241
86
-212
58
54
146
262
-1657
2027
-1486
17
1595
-2137
1567
-816
-607
574
-293
-530
35
278
-1162
-713
916
-619
-943
684
1
-1297
-254
1439
-2218
454
478
-665
-404
344
619
-746
788
-4
-328
-181
1017
-575
-228
418
-312
-169
728
-356
-598
1850
-1238
-1314
2393
-1176
-1730
2375
-1210
-505
975
-130
-157
-55
1098
-766
-185
2151
-913
-374
1161
393
-694
673
1595
-1896
1548
494
-1202
591
558
-191
-973
1594
-137
-795
957
257
187
-1273
2098
-677
-779
2779
-1975
1095
134
1125
-1107
1296
915
-1283
1944
-1781
1521
-948
417
14
-636
924
-1766
1415
-1545
-69
-356
-1030
969
-2742
1014
-411
-1324
250
-634
16
-311
624
-963
1037
386
-597
947
534
-19
488
595
121
199
648
428
-706
351
307
-723
-846
493
-1117
-685
-151
-1396
-271
-530
-997
-405
-435
-480
-135
-833
63
22
-594
-56
191
137
-571
141
515
-149
-273
346
978
-634
-50
1397
-580
-466
1461
-363
-836
1573
-661
-243
716
-142
244
-71
564
-69
602
-167
319
318
-638
417
-279
-136
-105
267
-1198
774
214
-1115
815
-202
-335
591
-1152
595
624
-1123
493
307
474
-481
1068
-38
911
-197
160
1296
-1460
1545
-328
-1078
1804
-347
-1296
2142
-401
-1164
1644
-597
-292
237
201
-202
-317
555
-382
467
40
-303
830
47
-460
675
322
-308
-80
648
-27
-1053
1375
-243
-921
1111
-450
-6
-447
87
238
-1287
851
-454
-946
600
-331
-1405
755
-263
-1648
1033
-1294
-105
79
-1206
438
-461
-268
-511
127
139
-685
-220
612
-322
-760
901
-311
-665
1004
-205
-916
745
813
-1520
-51
1655
-1521
-441
1304
-709
-500
620
294
-1272
869
857
-2137
1342
275
-744
192
-149
918
-831
175
699
-373
2
499
-258
-112
340
-58
-507
775
-123
-596
1318
-773
-125
1239
-911
-264
1173
-808
-182
750
-192
-283
243
768
-786
198
656
-366
-118
241
189
-353
-106
825
-1114
396
738
-1000
-319
576
572
-2123
1074
780
-1498
117
980
-973
79
35
-74
1
-775
1791
-2185
1171
292
-963
723
-49
229
-209
380
-97
689
-1370
1515
-291
-1313
1361
151
-1493
1086
336
-1363
1107
-471
386
-475
173
424
-548
753
-113
-379
677
-308
-39
477
-279
666
-427
-114
464
-999
1156
-217
-1214
1306
-951
-423
541
-770
-55
137
-796
257
7
-415
356
-797
197
186
-381
935
-283
-116
867
-933
762
388
-507
1018
-662
473
22
41
280
-73
-281
-105
273
-709
476
-718
53
-239
-807
846
-435
-292
392
-198
-1062
429
974
-1790
1060
1042
-2589
2261
471
-1616
1112
958
-1443
160
1670
-1179
-127
1024
130
-995
883
1014
-1649
458
1956
-2946
2249
421
-1383
1009
68
542
-1766
2310
-1731
220
423
-674
156
-797
795
-1869
366
-248
-249
-1178
1020
-1034
-1222
1445
-1605
126
810
-851
87
807
-653
135
853
-313
716
521
-108
1289
44
47
1080
-27
633
400
-137
1208
-672
-293
1067
-1422
141
1038
-1441
251
-111
-1049
512
-1325
475
-150
-391
376
-692
47
578
-459
-587
1516
-555
-5
450
543
-999
440
98
-1045
1301
-862
285
-508
236
-134
-1081
995
-280
222
-525
1001
-531
79
1388
-1816
1360
207
-99
284
-351
743
616
-1587
433
1570
-2249
1084
162
-944
612
-353
171
-1037
896
-756
-76
190
-583
722
-1086
781
-158
-1225
1699
-838
-136
77
151
322
-1027
1179
-279
-393
171
1037
-1202
108
1218
-1755
700
113
-336
-40
354
-23
-35
-430
19
379
-570
452
-331
829
-455
-236
1006
-887
850
318
-558
1296
-536
326
940
-940
1067
-167
-890
1682
-111
-844
738
219
-765
-665
708
-740
-127
17
-980
225
-598
-73
-113
-1061
454
272
-1379
1551
-83
-1143
1501
-639
-83
694
-686
1281
-580
165
888
-239
-22
730
-296
-374
806
-34
78
-48
-41
437
-686
-351
1200
-1697
312
799
-1234
353
257
139
-915
154
901
-1310
495
472
-333
33
261
380
-799
487
672
-993
559
185
-304
416
-882
780
-934
-6
364
-985
263
6
49
-334
-152
754
-611
-388
1803
-1063
-393
2259
-1110
123
885
-779
963
-387
248
-25
-384
926
-1481
299
254
-994
48
618
-1268
99
1461
-1907
697
586
-1533
1664
-1545
1203
402
-1505
1455
-799
650
-729
799
-355
344
67
-387
734
-1090
1065
-294
-677
400
324
-687
403
60
-703
887
-483
-87
-84
509
17
-606
641
-114
-493
692
39
-1226
1340
-449
-456
483
-372
661
-857
-48
378
-1094
577
-236
-851
859
-619
-65
-79
-150
176
-245
193
-483
1354
-756
263
927
-433
517
-55
1334
-347
-392
1984
-1212
-436
2209
-1571
-261
1618
-536
-193
-503
1442
-1257
-1165
1912
-2120
944
284
-1075
696
29
-338
-509
426
-135
110
147
-145
1373
-1032
681
243
-684
1370
-995
713
-38
312
-274
375
-1198
845
17
-1789
1690
-1056
1134
-1793
1449
302
-2531
2339
-1173
-614
161
1323
-1285
-900
2717
-2708
73
1268
-1882
245
-214
239
-949
-264
960
-1183
-537
719
-56
-799
221
295
-357
594
-374
-363
1262
-585
112
-104
936
-57
-588
1265
-1077
1105
249
-223
182
552
-64
-112
672
-494
364
-122
934
-524
-275
1099
-948
589
298
-1093
489
300
-720
-189
-289
740
-651
-226
540
-444
-349
653
-20
-1182
1728
-971
277
645
-653
595
-573
716
-471
-191
758
-698
167
353
-663
548
-40
-562
949
126
-278
281
859
-276
-448
1081
-518
-347
544
-549
109
-68
94
-524
-220
1430
-2734
1309
464
-1617
927
-979
1082
-1524
844
-426
-364
250
-64
-192
-130
1243
-1395
800
-474
145
366
-233
625
-569
342
-42
-3
492
180
-924
343
547
-539
461
478
-1093
1317
-1075
-228
894
-752
1106
-1196
941
-958
772
141
-1537
2130
-1404
171
647
-383
-305
1092
-781
-38
-172
-43
1239
-2455
2693
-2047
275
737
-1686
2450
-1714
537
-255
-729
1366
-1013
305
681
-1165
-69
1190
-1051
323
1072
-1470
792
-671
278
1158
-1782
1771
-1081
710
307
-1735
2287
-1743
-123
908
-1258
-122
869
-808
-267
1456
-1404
826
-762
1154
141
-942
2188
-1575
635
655
-745
607
-414
-64
964
-1661
1096
466
-1131
-221
1058
-885
-301
1327
-1644
828
346
-394
-508
746
217
-1398
1219
-441
144
144
-245
814
-747
-179
1084
-429
-934
1539
-233
-758
1098
155
-965
-215
1472
-2229
911
1027
-2157
1331
-79
-569
-395
1312
-749
-913
1780
-965
-161
456
427
-1462
1124
53
-1365
2097
-1586
474
124
-442
136
-428
1509
-1896
909
761
-1052
383
194
57
-677
752
-726
214
833
-885
250
-149
377
-471
-523
1764
-1991
759
319
-345
-123
123
945
-2156
1733
1
-1291
1359
-216
-1626
1344
136
-2155
2571
-349
-2035
2860
-1394
-582
1490
-184
-625
-404
1983
-1269
-360
1914
-1908
-576
1779
-1097
-912
1869
-892
391
-367
307
1338
-1712
964
155
-1045
684
699
-1577
451
1097
-1813
486
1117
-1773
1102
359
-1835
1163
361
-981
941
-400
-592
1393
-1470
568
541
-719
887
-761
286
579
-279
-18
467
-262
-514
1113
-989
459
344
-127
-754
137
1304
-2614
2135
-636
-779
1147
-708
-148
-585
1095
-1142
112
113
319
-526
626
-319
-125
-163
630
-1212
322
1625
-1768
847
152
-82
-751
1079
-223
-841
1550
-814
-240
1403
-976
-433
856
-112
-627
45
1488
-1206
-207
1494
-1375
-334
1598
-948
-689
1635
-440
-470
-126
832
-328
-1180
1528
-573
-344
793
-745
-88
394
-236
-356
700
-834
443
-573
-79
290
-9
-38
-979
1557
-1345
198
718
-110
-385
-451
1048
-1199
1122
-345
-623
977
-1035
672
-183
319
-497
842
-1295
1126
-21
-916
2324
-3027
2278
-1030
-523
1068
137
-1356
1561
280
-1669
2039
-1282
154
-374
531
-722
723
112
-703
472
-253
70
-790
1330
-278
-790
1147
-766
203
-480
964
-886
-20
1465
-1435
949
-535
624
-982
259
375
-1039
1360
-816
687
-966
1375
-657
-1425
2014
-1169
420
-9
153
-100
474
-649
-93
671
-1171
2003
-1524
58
1579
-1533
292
-4
-378
694
-715
352
473
-1330
1829
-1799
178
1149
-736
-319
660
82
-1063
1571
-1284
664
-307
10
778
-2235
2691
-1176
-888
1450
-152
-922
729
775
-1963
1797
-708
52
-200
482
-164
-1079
1475
-1571
142
737
-228
-446
997
-288
-494
754
-879
704
-1061
1332
-174
-911
1414
-9
-868
605
441
-1632
1702
-197
-772
358
263
-117
-1277
1025
-425
-228
253
-288
454
-208
105
-74
17
-387
874
-519
-319
1101
-301
-288
809
-983
1690
-1364
-217
1703
-2166
1596
-361
-786
465
388
-404
-1084
1516
7
-1814
1759
-405
-593
25
859
-952
-806
1388
-759
-861
951
301
-1615
1360
-830
-393
575
-1
8
-384
958
-170
-230
361
514
-1160
1003
-261
-893
1375
-1093
1296
-1042
893
-385
-445
1772
-2589
1918
241
-1312
1520
122
-993
1204
208
-1381
870
200
-22
-617
60
1049
-1863
1093
114
-963
218
839
-1686
151
979
-1321
1188
-1483
2510
-1678
-105
2599
-2954
2056
-1245
1079
-848
614
1605
-2021
1858
-747
173
128
-713
462
11
-496
293
830
-1110
403
-283
-1008
1053
-1410
559
-170
-370
854
-957
140
65
5
-779
-29
1086
-1103
814
386
-1163
880
-330
-108
-449
1222
-701
-465
1139
-1083
905
-518
-49
316
-1266
1290
-1398
796
11
-642
1040
-1074
1028
-983
1121
-813
-258
984
-663
-158
681
32
-1198
2272
-2122
1009
716
-1500
1573
-949
180
663
-600
-167
1271
-978
-194
783
-1068
872
-319
-640
1628
-1568
724
226
-209
-373
255
646
-1639
1736
-26
-392
249
1000
-668
-314
1440
-923
648
-357
891
-1040
-308
1772
-2399
413
1085
-1605
-288
1079
-1455
285
-243
328
-548
-558
1732
-1661
352
420
313
-881
810
968
-1768
1535
-645
-630
1104
-1556
1240
-759
-80
1051
-1277
-35
884
-362
-763
1549
-575
-142
1489
-802
47
900
-371
33
-169
125
445
-1195
643
-224
-669
-62
106
-493
-279
285
-586
597
-789
539
9
-496
542
-9
8
324
734
-764
848
374
-1476
1896
-1619
393
1486
-2412
1246
590
-1363
-390
1730
-1545
-61
1663
-1517
955
-361
-107
110
-250
869
-1192
952
27
-323
127
-636
1295
-1545
601
546
-655
240
247
-501
-160
602
-880
-76
699
-440
133
-239
369
18
-1467
1610
-1165
30
600
-617
1024
-1065
1225
-1165
695
128
-1223
1072
-403
666
-1190
1188
-244
-313
610
-1244
1566
-504
-667
825
-52
-625
538
-81
-103
190
463
-157
-687
1602
-1322
-208
947
-958
103
405
291
-337
892
-286
-157
619
-411
-699
714
-166
-580
446
223
213
-796
1349
-625
-115
399
-91
-206
-352
1339
-1857
1082
189
-835
360
-274
771
-1463
792
289
-776
289
-133
358
-593
613
-501
318
-3
-241
273
-515
437
-320
-64
-166
225
21
-429
314
263
-944
389
78
-971
823
-217
-446
878
-352
-135
105
61
-133
-261
538
129
-430
200
523
-1071
667
196
-928
1667
-1441
713
243
-918
1112
-1027
527
-109
-172
-167
721
-650
673
250
-1144
1460
-737
-206
883
-234
-420
910
-934
294
693
-980
600
-92
-226
519
-437
380
555
-719
-554
1168
-873
63
714
-567
595
-1078
913
-748
236
744
-1442
970
-34
-817
196
601
-436
-275
680
-560
77
95
68
-29
-216
652
-864
618
193
-210
173
-305
1127
-1654
858
958
-1959
1552
-95
-1354
1309
-388
-722
908
-635
496
-528
-372
1449
-1465
468
507
-1105
755
-109
-522
1107
-667
-440
1088
-1568
1256
-297
-601
1109
-529
-609
769
-470
184
153
-914
1343
-1380
605
-318
641
-272
-90
569
-1010
1061
-657
362
-347
1360
-1491
234
1065
-1652
1478
-1004
1128
-1167
313
905
-1658
1454
-519
83
-458
272
340
-696
367
416
-972
869
-273
-171
431
-484
778
-426
251
-9
404
-398
-204
1301
-1821
1101
283
-1347
1037
-112
-404
-472
1202
-1149
-84
1307
-1391
195
786
-458
-372
642
-310
-183
480
-710
941
-659
-294
1581
-2249
1705
95
-1772
2252
-1235
165
477
-845
1112
-743
-199
963
-904
-68
719
-860
-316
864
-1013
455
355
-807
980
-653
139
411
-459
65
533
-29
-830
1814
-1215
-582
2163
-2471
899
373
-1130
806
-294
142
200
-703
1061
-344
-1445
2356
-1127
-811
1810
-781
-378
885
-412
-683
787
-698
238
7
-368
1259
-963
-201
1095
-1089
-304
969
-864
348
342
41
-378
-76
504
-1138
-100
1046
-770
-539
1495
-144
-1066
702
1167
-2149
1389
517
-1562
1492
-1144
1369
-1142
383
1154
-2106
1293
355
-1402
503
1066
-1096
446
246
-181
-41
-200
493
-360
-53
252
-118
-247
365
409
-937
-26
838
-510
-646
924
209
-1441
843
263
-1097
1106
-714
167
317
-710
908
-1037
365
593
-943
361
598
-21
-1105
878
634
-1449
445
799
-665
-276
1089
-1019
402
37
-392
14
84
123
-2
-636
608
975
-2332
1798
151
-1051
262
906
-1053
221
945
-1195
752
-289
906
-1197
313
1485
-1914
336
682
-216
-1170
1374
148
-1303
1559
-897
-36
-7
19
-436
503
-445
303
89
-821
1685
-1271
-127
997
-721
-592
711
162
-173
172
31
893
-2193
2030
-452
-1885
2837
-1204
-1052
1777
-325
-878
660
-468
287
-746
490
196
-429
550
14
-11
-652
1734
-1632
-69
1771
-2080
1241
-188
214
-268
570
-512
-109
812
-1444
1353
-1209
788
197
-1654
2190
-1167
-888
1572
-828
-1241
2046
-605
-1273
2207
-1622
754
-20
-586
785
-604
1044
-1200
744
399
-789
277
183
-371
-127
960
-1478
588
1100
-1561
99
1350
-1970
1264
87
-1116
1742
-1353
486
-806
558
569
-1344
916
263
-521
-481
1761
-801
-823
1443
-875
-962
1882
-546
-859
1499
-1420
145
203
-265
1222
-1052
-84
545
-712
54
489
-463
91
141
-488
724
-85
-347
933
-906
110
747
-1009
924
164
-579
316
321
-757
933
-392
-314
1026
-1261
624
-243
97
-303
218
-200
473
-655
-142
871
-1047
592
217
-881
422
136
-732
536
544
-603
507
-183
266
581
-1171
1079
-11
-1106
1099
-522
-115
107
280
-874
1026
-245
-969
1665
-1677
1017
89
-1126
1159
-206
-836
861
394
-826
224
395
-817
535
253
-294
-407
929
-1123
-166
1508
-1707
854
-14
-558
133
-65
213
-538
667
-529
-269
437
-443
811
-785
245
260
-825
181
904
-511
-475
1678
-1894
593
1011
-1172
833
180
-638
-380
1528
-1256
380
805
-1036
1114
-1859
1852
-475
-1124
1543
-383
-857
1118
24
-1294
1678
-476
-533
226
983
-1228
147
943
-788
-272
1036
-526
-1024
1495
-649
-913
1466
-614
-877
1113
-401
-742
1039
-600
168
-119
-433
1083
-1030
-137
1111
-584
-464
967
-481
-483
761
489
-2145
2202
-165
-2020
2664
-2016
1282
-91
-1227
1566
-712
108
-487
1365
-1474
752
301
-803
710
71
-393
-34
1083
-1473
1184
-850
1342
-1191
-1
1643
-2035
1386
-1260
1607
-1271
159
1436
-2124
1106
138
-291
-950
1729
-383
-1319
989
458
-1491
88
1666
-1919
955
-16
-672
34
182
-394
203
269
-279
-285
156
171
-488
620
-775
989
-721
-9
200
-14
272
-1511
1753
-1451
822
231
-774
1317
-1096
407
-969
1208
-283
-510
1119
-1045
756
-757
334
321
-181
-331
641
-637
60
592
-440
409
-131
-256
-41
244
-529
1367
-1265
595
56
-121
-379
456
677
-655
192
-167
723
-1383
918
723
-1061
-96
1169
-1235
254
755
-675
839
-494
400
-563
438
609
-1183
918
-31
-477
715
-336
-118
235
825
-1836
1604
-533
-761
1429
-1202
849
-1169
1596
-1217
-695
2270
-2673
1595
-14
-1408
1173
-573
102
-493
475
-150
-930
265
324
-744
-98
943
-995
131
237
562
-531
-496
2000
-1772
-132
1502
-1174
-321
1120
-834
-247
383
-102
-156
-310
441
46
-1043
1128
134
-946
1435
-872
-184
190
-94
-237
-175
449
-85
-347
1026
-369
241
620
-332
1218
-1027
888
-109
-1110
1126
-1246
-116
602
-250
-639
423
138
-408
1115
-616
306
562
-1097
570
104
-7
-534
715
-765
-37
595
-621
1543
-1268
481
525
-1126
1294
-193
-357
340
205
-1281
806
447
-1457
1690
-1162
-96
914
-1144
847
-766
379
-119
-1198
943
359
-1179
170
1433
-1908
809
867
-782
461
-69
-38
-529
836
-265
-388
427
-463
349
-931
711
227
-544
485
-335
577
-37
-733
479
491
-1244
520
452
-565
227
141
-144
-303
943
-748
31
1153
-968
339
-375
847
-600
-607
1638
-1288
18
517
-218
-627
254
920
-2142
1186
554
-1809
804
604
-635
-511
1450
-1269
603
-87
-231
684
-691
788
-782
690
160
-551
178
596
-550
-197
669
-124
-465
549
-208
-359
755
-590
-18
285
-21
-519
182
514
-633
134
367
-431
-126
326
-377
-16
569
-619
521
-670
872
-599
96
223
-201
559
-1370
1539
-957
-30
773
-829
-17
1123
-1142
294
393
298
-1285
282
1101
-1635
753
-87
407
-518
-233
888
-376
-544
1193
-327
-843
1044
149
-772
106
1291
-1282
-569
2231
-1795
-7
1431
-1304
542
271
-71
252
-289
73
438
-775
472
350
-542
-344
1034
-1386
522
663
-1297
1365
-1261
590
-154
-62
160
-490
1228
-1789
895
401
-958
582
-56
-339
-405
883
-789
484
-103
119
-551
-367
1308
-1523
913
74
-281
-239
309
430
-989
968
105
-896
567
497
-668
602
-910
1255
-1201
-399
1833
-1752
333
679
-178
-1169
1116
281
-1228
881
133
-679
541
-307
61
176
8
162
-406
803
-1257
1447
-704
-441
1618
-1702
1051
-69
-566
773
-399
-30
246
-13
-342
198
-99
-110
-158
577
-778
723
224
-1106
1134
-293
-477
336
788
-1200
695
318
-441
-437
901
-281
-1069
1673
-1115
-106
549
-291
-350
187
-82
54
-191
-322
830
-469
-562
823
-140
-828
1126
-667
410
-48
-243
787
-1348
1283
-473
-518
1120
-984
395
19
-300
311
-316
211
-351
632
-804
247
777
-1179
780
390
-1038
1415
-590
-366
1354
-1149
291
573
-862
872
-606
180
426
-783
760
-933
1318
-1381
497
588
-1089
805
-732
887
-855
-63
696
-700
-159
888
-1098
294
860
-1521
1198
-431
-291
696
-856
440
193
-551
279
508
-1336
1274
-139
-1362
2034
-923
-535
1309
-835
166
419
-651
698
-92
-575
647
-13
-824
1224
-452
-578
1390
-916
-566
1481
-1225
-99
1021
-1197
894
-711
-34
895
-1022
-79
853
-811
-241
654
-256
200
-298
535
-368
-637
1190
-661
-359
1201
-949
-135
183
-91
132
-589
663
-205
-380
197
-27
-91
50
489
-420
-230
948
-165
-782
995
208
-887
686
-82
144
147
-415
756
-693
282
159
-154
527
-1343
1888
-1535
47
1410
-1800
1404
-804
333
-401
-230
1439
-1395
287
680
-229
-780
568
955
-1749
1192
49
-686
100
257
611
-1282
626
596
-989
-345
1440
-826
-882
1449
-287
-1375
1093
768
-1944
1445
-61
-1041
716
-216
12
-107
-144
414
-539
-450
1222
-821
-272
670
-275
-250
-280
919
-530
-404
848
-659
225
-144
102
331
-989
1235
-410
-478
1082
-609
212
70
-92
269
-150
-92
572
-464
-194
987
-1217
312
566
-812
51
847
-714
159
388
-298
223
-420
830
-862
265
496
-473
-113
686
109
-1013
1199
32
-980
920
420
-1178
791
45
-397
7
-189
889
-1204
474
370
-922
686
-571
59
170
-548
177
-100
-156
-172
358
-408
-223
296
-122
-319
393
-393
421
-27
-1150
1823
-886
-711
1466
-778
-505
1170
-684
-68
615
-306
-57
-44
225
0
75
-509
712
-295
-491
1035
-738
81
508
-496
87
104
278
-449
524
-284
26
234
-339
570
-528
240
124
63
-413
634
-135
-171
447
-199
12
225
217
-613
540
389
-846
464
107
-381
307
-287
45
322
-524
249
418
-768
585
185
-443
193
618
-860
332
694
-1001
414
163
-91
-407
58
309
-528
-116
189
-317
357
-675
228
218
-488
115
74
-9
-527
825
-707
-111
569
-459
32
-86
144
-22
12
-569
420
433
-1169
824
101
-648
830
-565
-256
885
-583
-460
768
-137
-547
428
9
-83
-14
84
359
-576
222
530
-296
-431
760
-72
-569
723
-386
72
320
-328
85
273
-329
277
128
-658
563
83
-607
454
-190
16
229
-293
203
-118
439
-273
123
90
94
129
-293
365
10
-279
509
-183
-228
649
-632
470
-188
-129
378
-399
-73
527
-550
8
434
-336
232
-402
653
-624
30
570
-1078
693
44
-558
425
41
-21
-175
24
457
-209
-494
844
-137
-604
577
68
-414
185
326
-765
460
43
-311
16
78
170
-756
486
5
-402
-18
-34
300
-686
224
931
-1570
881
474
-1214
923
-146
-281
293
-449
618
-412
-483
1099
-865
-83
562
-235
-310
282
-11
-286
22
448
-472
-173
890
-575
65
-184
846
-416
-826
1436
-416
-739
703
473
-859
262
712
-789
320
240
28
-192
-104
768
-632
-246
954
-368
-395
394
239
-224
-436
842
-168
-876
1101
-188
-835
744
332
-846
277
514
-397
-326
553
-160
-303
240
-229
529
-828
421
273
-847
480
-25
-408
319
63
-532
673
-523
96
250
-549
655
-605
191
222
-458
180
-58
9
-169
1
28
-71
-67
43
-90
141
-134
-201
602
-644
213
499
-802
557
243
-450
426
10
53
349
-533
586
99
-492
480
-122
-337
568
-359
-257
558
-248
-94
24
177
-115
262
-345
573
-213
-115
540
-542
45
98
270
-909
651
-89
-487
364
-43
-264
-54
571
-797
281
193
-227
-279
182
-174
-180
-47
-312
287
-326
79
307
-146
-68
968
-670
-77
1136
-976
77
516
-330
-401
528
-206
-613
457
-115
-147
-498
873
-270
-524
709
95
-70
-286
849
-361
-167
502
-185
-79
-127
590
-532
-88
730
-480
-134
469
-146
-224
175
21
-145
-214
404
-498
-21
301
-419
114
-291
515
-552
-204
821
-681
-77
392
106
-641
663
8
-412
468
-264
256
-291
144
159
-179
-120
285
43
-337
457
-135
-146
290
-134
22
-13
179
72
-260
254
218
-168
-108
342
-39
-336
426
-271
-69
190
-256
130
-125
-80
237
-216
-155
409
-361
70
157
-447
660
-449
-3
283
-105
65
-307
532
-305
-63
262
-218
47
-81
17
110
-615
557
-246
-432
709
-578
155
339
-479
160
141
-238
-78
-98
396
-520
90
436
-482
298
20
29
-65
-189
358
-212
-242
70
285
-372
-144
431
-221
-65
89
103
-162
83
94
-85
183
24
-13
174
-67
-17
84
-58
-22
-30
21
53
22
-39
216
177
-254
195
359
-331
15
531
-335
-81
344
-162
-123
-63
95
-32
-335
210
55
-263
285
-44
-79
197
57
-100
86
197
-293
125
-24
-198
97
-304
215
-217
-262
292
-301
-169
39
-44
-148
-118
121
-177
-69
58
-213
29
-42
-27
35
-68
218
7
63
78
89
91
96
13
11
189
-103
168
-136
-27
245
-266
-8
109
-79
-32
-71
215
-253
125
115
-254
228
-87
89
31
-120
226
-48
-143
168
165
-174
120
217
-102
17
166
-5
-222
329
-114
-167
160
-49
-7
-162
75
13
-278
95
43
-276
170
-98
-154
81
-132
106
-225
69
200
-374
137
101
-126
3
8
212
-108
-52
345
-123
-104
248
-85
-77
22
121
-178
-70
278
-199
-151
151
32
-381
141
73
-163
-12
-48
240
-234
-73
367
-252
-112
340
-162
-144
276
-56
-26
-44
96
35
-329
292
-198
-44
112
-174
127
-133
97
-33
-98
130
-47
-52
45
65
-14
37
194
-51
36
226
-40
30
132
53
49
37
59
96
-38
-1
86
-11
-94
48
-17
-158
52
-110
-81
18
-107
61
-85
-20
35
-64
-67
-6
48
-108
3
115
-28
-68
139
-15
-79
66
26
-42
29
83
28
-33
32
87
-104
33
96
-95
-27
49
14
-114
14
43
-190
-44
-36
-75
-111
-28
34
-81
-20
132
62
-69
235
175
-14
183
195
110
35
97
161
-73
-3
60
-69
-186
-97
-96
-321
-228
-254
-248
-305
-286
-115
-276
-180
-72
-124
-75
-37
19
36
11
174
125
127
238
179
237
225
266
220
180
222
141
151
101
107
118
-72
83
-57
-70
-1
-111
-58
-109
-42
-116
-100
-52
-168
-93
-47
-127
-50
-6
-17
-43
10
24
-5
-2
39
8
-12
2
48
-30
-38
102
-78
-4
46
-31
-45
-13
34
-95
7
39
-32
36
-16
28
4
-39
53
-47
4
54
-33
-7
43
2
-49
-26
-13
-8
-32
-5
-17
30
-12
-35
64
-4
-15
44
52
38
47
85
92
79
44
88
92
39
45
-4
3
21
-94
-74
-14
-30
-73
-95
88
57
-50
16
58
37
6
-46
-22
85
-61
-168
1
43
-141
-133
-16
-14
-47
-112
5
80
-14
-24
-12
56
62
-33
-32
32
17
-82
-73
8
-40
-68
-69
-77
-52
-65
-59
-20
1
1
29
56
90
81
100
93
50
29
49
89
9
-23
20
26
-32
-57
-34
-10
-31
-72
-42
28
15
-47
-3
68
52
-11
2
63
40
1
-14
19
48
-34
-60
7
31
13
-1
43
102
18
4
78
82
58
31
42
27
-8
-27
-36
-58
-49
-35
-26
5
-15
-25
-45
-93
-81
-53
-27
-18
2
13
15
26
-18
-31
-36
-58
-56
-65
-4
41
20
36
26
27
19
21
70
70
79
111
100
69
50
18
-30
16
40
8
46
73
39
8
7
4
-15
-35
-14
-4
12
-12
-54
-45
-64
-48
-61
-76
-16
-10
-17
-47
-59
1
-40
-69
-44
-24
13
-1
-7
17
23
-20
-42
-64
-65
21
-2
-50
19
75
22
-35
50
65
45
60
6
-5
-9
-60
-121
-98
-25
-51
-91
-57
-21
-6
-24
-83
-14
55
5
-16
-6
57
74
20
-30
-23
31
0
-45
5
70
89
84
60
70
120
64
-6
3
-1
1
-29
-43
-2
45
52
25
30
59
82
70
43
71
100
78
50
56
79
92
56
18
30
43
37
-6
-16
12
26
-9
-39
-14
3
-9
-25
-37
-52
-63
-85
-93
-73
-25
-6
-35
-20
-16
-22
-25
-62
-65
-60
-56
-65
-65
-51
-17
-16
-53
-46
-46
-48
-41
-51
-37
-16
-17
-18
-6
0
-12
-5
-21
-26
-19
-34
-8
-3
-24
-29
-27
-22
-27
-47
-56
-29
-10
-43
-59
-14
-1
-27
-33
-8
42
52
18
10
40
42
9
30
55
79
88
71
109
150
135
125
136
132
111
98
94
114
125
102
90
111
113
75
65
57
42
27
2
-4
0
-17
-23
-12
-3
2
-8
3
6
-7
-3
-21
-38
-34
-38
-45
-53
-43
-45
-60
-48
-63
-70
-54
-71
-94
-95
-88
-96
-108
-118
-118
-101
-96
-85
-85
-96
-112
-106
-95
-86
-57
-28
-2
27
53
47
51
54
53
42
24
24
16
1
-18
-23
-21
-33
-65
-93
-88
-74
-64
-60
-36
20
53
80
126
168
199
222
238
248
271
299
293
251
240
214
170
122
89
67
20
-28
-69
-112
-133
-151
-183
-218
-232
-230
-240
-227
-201
-164
-128
-102
-68
-35
23
71
98
123
143
170
177
179
167
156
127
86
46
-12
-71
-118
-160
-205
-232
-251
-257
-246
-217
-189
-187
-156
-112
-57
8
52
92
127
163
192
197
190
187
190
189
161
138
105
46
8
-42
-89
-128
-164
-174
-180
-185
-177
-178
-177
-163
-154
-141
-121
-99
-70
-34
-11
18
52
77
113
135
156
175
200
223
233
244
232
218
199
184
164
142
117
82
43
-5
-11
-21
-25
-12
7
11
1
12
2
-32
-63
-97
-136
-142
-134
-119
-102
-65
1
44
66
69
62
29
-18
-59
-84
-111
-118
-96
-61
-25
-4
16
1
-25
-77
-155
-196
-223
-214
-186
-142
-48
28
79
106
122
106
50
27
-8
-42
-38
-14
25
51
99
139
136
135
99
65
19
-17
-28
-48
-43
-29
-9
4
10
9
-12
-36
-29
-27
-32
6
37
54
80
86
69
47
37
42
51
58
90
105
104
106
81
35
0
-24
-61
-86
-95
-91
-75
-63
-35
-16
-23
-21
-27
-54
-65
-67
-70
-55
-32
-2
25
27
21
10
-7
-26
-30
-20
-6
-4
13
30
34
36
21
17
12
19
17
5
16
16
14
18
33
31
20
17
-1
-26
-41
-42
-48
-41
-35
-14
-7
-5
8
-6
-10
-8
-15
-19
-28
-37
-37
-36
-14
2
-1
4
13
5
-1
2
9
21
35
48
56
67
79
83
69
60
60
57
57
56
42
28
28
38
50
34
2
-23
-54
-74
-67
-73
-74
-61
-56
-39
-18
2
20
13
9
-4
-23
-22
-21
-3
3
8
38
51
38
18
5
-26
-63
-81
-84
-66
-43
-25
-21
-12
-8
-19
-33
-51
-57
-53
-39
-19
4
20
28
33
32
25
10
14
22
4
11
35
35
32
33
37
34
30
17
-9
-17
-18
-32
-30
-13
-1
1
13
30
16
5
17
9
-4
-1
4
2
2
19
20
7
4
9
4
-5
4
10
18
15
5
4
-13
-16
5
15
31
49
41
43
40
32
31
17
8
7
9
13
23
10
-9
-2
-8
-27
-28
-17
6
-14
-47
-35
-53
-59
-46
-49
-40
-15
7
21
44
41
30
34
41
46
40
28
18
17
26
31
26
22
10
-8
-8
0
-2
1
-2
-38
-69
-87
-104
-96
-86
-74
-66
-56
-52
-58
-52
-47
-36
-19
-15
-6
7
16
20
31
45
45
40
35
28
21
18
10
8
12
19
30
41
43
32
24
30
37
36
30
26
20
15
11
11
21
20
19
11
-6
-16
-17
-5
-5
-1
1
-3
-19
-32
-31
-25
-12
14
26
21
25
27
32
35
27
24
10
-6
-12
-20
-26
-26
-24
-16
-10
-6
-4
-3
-4
-15
-20
-17
-16
-30
-45
-36
-17
-1
10
19
18
9
-6
-19
-17
-4
4
12
19
16
6
-12
-23
-26
-25
-22
-23
-21
-24
-27
-25
-37
-52
-69
-74
-50
-22
2
29
41
43
31
20
21
29
43
50
54
63
71
72
73
77
71
67
60
41
21
3
-9
-19
-16
-17
-3
12
9
6
0
-5
-12
-21
-25
-19
-11
-10
-21
-26
-24
-20
-17
-21
-28
-37
-46
-39
-25
-12
9
20
7
-4
-10
-20
-26
-26
-27
-28
-35
-39
-30
-21
-22
-30
-44
-56
-61
-67
-70
-55
-36
-26
-19
-22
-21
-9
12
39
59
66
57
41
22
11
25
57
83
106
114
112
95
67
40
11
-6
-14
-21
-20
-14
-3
-2
7
11
4
7
4
-3
-5
-3
-2
-1
1
11
28
46
68
80
73
49
12
-19
-42
-53
-51
-38
-17
1
11
12
-8
-39
-62
-75
-76
-78
-63
-46
-35
-35
-42
-40
-35
-35
-39
-31
-14
-2
1
-6
-14
-15
-9
-3
-1
0
-5
-9
-9
-4
-1
-3
-5
-1
10
16
15
13
11
7
2
-3
-12
-13
-14
-19
-24
-26
-17
-8
3
18
22
25
26
19
25
40
50
60
62
55
56
59
54
45
39
26
12
12
14
19
23
24
22
9
2
3
5
5
5
0
-10
-10
-18
-39
-45
-43
-48
-47
-42
-39
-38
-34
-30
-35
-45
-47
-55
-61
-49
-39
-31
-18
-17
-24
-20
-18
-21
-15
-15
-15
-7
11
29
35
36
35
35
35
39
46
38
31
26
14
2
-9
-20
-24
-25
-28
-41
-59
-76
-88
-88
-80
-75
-66
-43
-15
1
15
30
38
48
53
60
74
88
106
114
111
107
103
87
62
40
30
30
28
16
7
-4
-12
-13
-24
-21
-10
-9
-8
1
13
23
19
13
8
0
-1
-8
-12
-6
-10
-32
-54
-66
-75
-73
-60
-47
-38
-40
-46
-51
-60
-71
-74
-66
-67
-69
-56
-44
-33
-20
-3
18
43
57
49
50
62
62
54
42
46
48
43
34
22
19
12
-1
-12
-19
-35
-56
-71
-74
-73
-64
-43
-18
-4
-3
-14
-42
-61
-52
-23
9
30
38
37
33
33
39
39
31
21
12
6
1
5
18
33
44
50
50
50
50
53
59
63
72
75
69
59
45
27
17
17
30
39
45
49
48
42
26
5
-10
-20
-36
-53
-57
-61
-75
-81
-88
-93
-82
-76
-73
-73
-68
-51
-36
-15
-9
-13
-10
-8
-4
6
8
2
-2
-4
-3
-1
-5
-12
-23
-40
-59
-73
-77
-75
-64
-42
-15
4
10
14
16
1
-15
-23
-21
-15
-7
8
25
56
66
54
41
23
4
1
14
33
45
45
37
21
4
-3
-6
-11
-16
-6
13
27
23
22
33
38
41
43
49
56
65
64
62
69
66
63
60
48
35
21
8
2
3
0
3
9
3
-4
-8
-14
-15
-13
-8
-9
-14
-19
-28
-31
-27
-30
-26
-27
-31
-28
-34
-38
-39
-34
-27
-25
-25
-19
-16
-4
4
-7
-18
-28
-40
-44
-46
-49
-45
-41
-38
-38
-46
-61
-77
-88
-90
-86
-77
-60
-26
3
24
50
73
87
95
93
84
72
63
63
59
39
19
9
4
-7
-16
-25
-23
-10
-5
1
14
23
29
35
42
40
45
54
63
61
45
39
35
37
43
49
49
49
56
44
29
25
24
24
11
-7
-18
-24
-24
-22
-24
-20
-28
-49
-63
-53
-37
-20
3
17
23
23
29
37
37
25
11
-5
-22
-40
-56
-71
-83
-92
-94
-82
-72
-66
-58
-45
-25
-9
-14
-36
-46
-45
-32
-16
0
19
40
57
68
69
56
38
23
11
4
-9
-20
-20
-16
-18
-19
-21
-21
-23
-37
-50
-45
-21
-1
16
27
37
53
59
67
62
56
62
73
81
86
94
97
81
58
36
19
12
7
-4
0
11
13
9
-8
-23
-33
-44
-53
-64
-58
-46
-42
-46
-54
-65
-68
-59
-56
-52
-40
-25
-18
-24
-32
-37
-32
-23
-15
3
17
29
34
34
35
39
42
41
48
48
41
39
37
43
48
49
45
39
32
24
24
23
22
21
21
28
28
30
24
8
-10
-33
-56
-71
-72
-61
-47
-40
-43
-45
-32
-23
-30
-35
-39
-52
-67
-66
-48
-21
8
39
64
77
78
71
63
45
28
30
44
49
45
41
36
27
16
15
13
9
0
-4
-10
-21
-18
-18
-19
-17
-9
-7
-10
-19
-33
-37
-40
-48
-63
-69
-66
-64
-58
-51
-51
-48
-45
-42
-42
-46
-51
-60
-67
-66
-56
-39
-11
19
42
59
67
62
52
43
45
56
67
71
73
74
70
55
29
15
9
7
14
22
34
36
23
8
-19
-41
-48
-41
-28
-20
-11
-6
5
25
39
49
46
41
47
57
66
66
67
64
58
53
53
56
53
34
3
-21
-26
-21
-16
-20
-27
-26
-24
-29
-29
-24
-19
-20
-17
-12
-16
-23
-29
-33
-38
-46
-44
-38
-32
-29
-28
-21
-18
-20
-24
-24
-23
-18
-6
3
0
-17
-32
-38
-32
-27
-28
-23
-28
-29
-25
-34
-43
-41
-28
-20
-8
-5
-13
-22
-31
-32
-24
-11
2
17
26
25
25
28
30
40
57
70
75
70
55
49
36
19
3
-13
-18
-14
-7
-5
-9
-13
-16
-20
-19
-7
3
17
36
46
43
29
14
10
16
22
23
14
7
12
3
0
-4
-19
-31
-41
-49
-47
-32
-27
-29
-18
-6
-2
12
22
22
20
20
26
36
45
52
59
50
31
15
7
1
-9
-9
-13
-12
-6
0
2
10
16
16
12
4
3
7
11
12
14
13
12
2
-14
-12
-4
-8
-19
-28
-28
-28
-37
-40
-39
-42
-49
-48
-37
-22
-16
-13
-17
-15
1
14
18
13
8
7
2
-4
-4
7
15
16
14
16
18
16
8
-8
-20
-25
-23
-28
-46
-46
-42
-44
-37
-26
-25
-26
-24
-14
-15
-30
-43
-43
-31
-19
-2
12
18
21
13
-2
-18
-31
-34
-28
-19
-14
-6
3
9
9
-4
-16
-25
-26
-20
-12
4
19
35
37
29
32
44
49
52
53
53
59
56
56
63
75
82
78
75
71
67
60
59
71
79
86
89
89
83
58
24
-1
-13
-18
-31
-54
-65
-67
-64
-58
-54
-49
-41
-41
-58
-80
-99
-95
-84
-65
-36
-19
-2
3
-3
-8
-13
-17
-18
-20
-28
-34
-36
-32
-20
-13
-13
-1
10
8
5
3
-5
-10
-11
-15
-11
2
9
19
26
28
25
19
12
3
-9
-18
-23
-20
-10
-14
-30
-46
-48
-49
-46
-29
-21
-23
-27
-26
-17
-5
0
19
47
67
82
86
82
78
69
52
29
14
10
14
21
23
18
16
0
-23
-28
-19
-14
-15
-21
-22
-13
-8
0
10
11
7
10
20
30
32
33
35
38
28
12
6
-2
-9
-17
-33
-48
-66
-79
-77
-53
-36
-30
-21
-11
-4
0
11
23
24
22
18
15
20
25
39
41
38
27
16
22
28
30
31
36
35
36
35
35
22
-1
-21
-44
-59
-67
-62
-54
-42
-19
0
9
8
-4
-13
-15
-17
-7
1
3
7
17
27
30
34
39
35
26
13
14
17
12
2
-3
-1
7
10
12
9
12
13
8
4
4
-2
-19
-21
-27
-35
-37
-36
-34
-41
-51
-57
-66
-69
-61
-46
-39
-33
-19
-12
0
6
1
-6
-18
-26
-36
-52
-68
-68
-60
-33
-6
13
18
4
-4
-13
-19
-9
6
14
19
23
20
22
33
44
60
71
67
65
63
65
66
61
63
63
62
66
67
61
50
35
31
31
26
26
18
12
22
21
5
-10
-25
-26
-18
-7
4
15
19
13
14
10
0
-22
-36
-40
-46
-48
-55
-55
-49
-42
-33
-35
-41
-52
-62
-57
-33
-17
-11
-14
-7
9
15
13
1
-11
-18
-26
-28
-26
-28
-29
-36
-40
-38
-34
-33
-39
-45
-46
-35
-18
0
9
15
20
21
28
34
38
47
53
55
53
56
57
44
34
27
25
22
17
18
18
5
0
3
0
6
7
10
8
-5
-8
-2
2
-3
-3
14
22
18
12
15
19
23
32
45
49
47
43
36
33
26
22
20
21
13
-3
-13
-9
0
10
7
-9
-26
-48
-57
-56
-52
-47
-42
-28
-36
-53
-62
-56
-43
-42
-38
-21
-11
